0 0.509766 0.225586 0.335938 0.033203
0 0.516602 0.244141 0.349609 0.031250
0 0.525391 0.266602 0.371094 0.029297
0 0.534180 0.291992 0.388672 0.029297
0 0.543945 0.319336 0.412109 0.029297
0 0.554688 0.350586 0.437500 0.025391
0 0.568359 0.385742 0.464844 0.025391
0 0.582031 0.428711 0.500000 0.029297
0 0.600586 0.477539 0.537109 0.037109
0 0.620117 0.535156 0.583984 0.042969
0 0.643555 0.606445 0.642578 0.052734
0 0.657227 0.692383 0.685547 0.072266
1 0.662109 0.746094 0.675781 0.078125
1 0.643555 0.655273 0.630859 0.060547
1 0.619141 0.579102 0.582031 0.048828
1 0.599609 0.517578 0.535156 0.039062
1 0.581055 0.465820 0.498047 0.037109
1 0.568359 0.421875 0.468750 0.027344
