0 0.500000 0.789062 1.000000 0.144531
0 0.600586 0.601562 0.798828 0.113281
0 0.619141 0.447266 0.761719 0.113281
0 0.637695 0.322266 0.724609 0.105469
0 0.653320 0.215820 0.693359 0.103516
0 0.664062 0.124023 0.671875 0.099609
0 0.676758 0.045898 0.646484 0.091797
1 0.512695 0.872070 0.974609 0.142578
1 0.614258 0.678711 0.771484 0.115234
1 0.633789 0.525391 0.732422 0.105469
1 0.647461 0.397461 0.705078 0.103516
1 0.663086 0.291992 0.673828 0.103516
1 0.671875 0.195312 0.656250 0.097656
1 0.684570 0.112305 0.630859 0.099609
0 0.448242 0.012695 0.154297 0.025391
