0 0.831055 0.049805 0.337891 0.037109
0 0.825195 0.082031 0.349609 0.039062
0 0.820312 0.118164 0.359375 0.037109
0 0.813477 0.158203 0.373047 0.035156
0 0.806641 0.206055 0.386719 0.037109
0 0.796875 0.256836 0.406250 0.037109
0 0.786133 0.314453 0.427734 0.035156
0 0.775391 0.381836 0.449219 0.037109
0 0.763672 0.458008 0.472656 0.037109
0 0.750977 0.548828 0.498047 0.039062
0 0.731445 0.650391 0.537109 0.035156
0 0.658203 0.775391 0.683594 0.042969
1 0.659180 0.857422 0.681641 0.039062
1 0.735352 0.720703 0.529297 0.035156
1 0.750977 0.615234 0.498047 0.035156
1 0.764648 0.520508 0.470703 0.037109
1 0.777344 0.442383 0.445312 0.033203
1 0.789062 0.372070 0.421875 0.037109
