0 0.502930 0.700195 0.916016 0.041016
0 0.501953 0.572266 0.792969 0.039062
0 0.499023 0.475586 0.697266 0.037109
0 0.498047 0.406250 0.621094 0.035156
0 0.497070 0.348633 0.560547 0.037109
0 0.496094 0.301758 0.515625 0.037109
0 0.498047 0.263672 0.472656 0.035156
0 0.498047 0.229492 0.441406 0.037109
1 0.574219 0.772461 0.750000 0.041016
1 0.501953 0.634766 0.769531 0.035156
1 0.498047 0.534180 0.675781 0.037109
1 0.497070 0.454102 0.607422 0.037109
1 0.498047 0.395508 0.550781 0.033203
1 0.500000 0.344727 0.507812 0.037109
