0 0.617188 0.888672 0.765625 0.222656
0 0.500000 0.742188 1.000000 0.246094
0 0.478516 0.604492 0.957031 0.193359
0 0.447266 0.495117 0.894531 0.158203
0 0.420898 0.396484 0.841797 0.121094
0 0.397461 0.315430 0.794922 0.091797
0 0.376953 0.247070 0.753906 0.076172
0 0.358398 0.183594 0.716797 0.066406
0 0.339844 0.128906 0.679688 0.054688
0 0.323242 0.083008 0.646484 0.044922
0 0.314453 0.040039 0.628906 0.044922
0 0.124023 0.008789 0.248047 0.017578
1 0.776367 0.927734 0.447266 0.144531
1 0.500000 0.819336 1.000000 0.263672
1 0.478516 0.683594 0.957031 0.210938
1 0.449219 0.566406 0.898438 0.167969
1 0.421875 0.463867 0.843750 0.134766
