0 0.556641 0.682617 0.886719 0.037109
0 0.609375 0.584961 0.742188 0.041016
0 0.600586 0.508789 0.662109 0.041016
0 0.593750 0.443359 0.605469 0.050781
0 0.589844 0.390625 0.558594 0.046875
0 0.583984 0.346680 0.515625 0.048828
0 0.581055 0.307617 0.474609 0.048828
0 0.573242 0.274414 0.439453 0.052734
0 0.572266 0.242188 0.402344 0.046875
0 0.480469 0.222656 0.199219 0.031250
1 0.562500 0.730469 0.875000 0.039062
1 0.609375 0.627930 0.726562 0.041016
1 0.602539 0.551758 0.658203 0.044922
1 0.596680 0.484375 0.599609 0.046875
1 0.591797 0.428711 0.550781 0.048828
1 0.585938 0.380859 0.507812 0.050781
