1 0.903320 0.962891 0.193359 0.074219
1 0.500000 0.842773 1.000000 0.259766
1 0.500000 0.658203 1.000000 0.191406
1 0.500000 0.499023 1.000000 0.119141
1 0.476562 0.378906 0.953125 0.062500
1 0.445312 0.275391 0.890625 0.027344
1 0.417969 0.193359 0.835938 0.054688
0 0.744141 0.916992 0.511719 0.166016
0 0.500000 0.760742 1.000000 0.232422
0 0.500000 0.568359 1.000000 0.152344
0 0.500000 0.423828 1.000000 0.085938
0 0.476562 0.306641 0.953125 0.035156
0 0.446289 0.213867 0.892578 0.044922
0 0.418945 0.129883 0.837891 0.068359
0 0.391602 0.059570 0.783203 0.083984
