0 0.429688 0.726562 0.250000 0.125000
0 0.245117 0.650391 0.490234 0.183594
0 0.218750 0.531250 0.437500 0.132812
0 0.195312 0.437500 0.390625 0.097656
0 0.175781 0.355469 0.351562 0.074219
0 0.158203 0.288086 0.316406 0.060547
0 0.123047 0.230469 0.246094 0.046875
1 0.184570 0.406250 0.369141 0.085938
1 0.161133 0.339844 0.322266 0.070312
1 0.147461 0.278320 0.294922 0.056641
1 0.077148 0.515625 0.154297 0.058594
1 0.276367 0.476562 0.267578 0.082031
1 0.101562 0.616211 0.203125 0.080078
1 0.320312 0.563477 0.250000 0.091797
1 0.083984 0.763672 0.167969 0.058594
1 0.218750 0.722656 0.148438 0.070312
1 0.384766 0.646484 0.238281 0.097656
