0 0.500000 0.758789 1.000000 0.474609
0 0.500000 0.612305 1.000000 0.357422
0 0.500000 0.496094 1.000000 0.273438
0 0.500000 0.409180 1.000000 0.208984
0 0.500000 0.339844 1.000000 0.160156
0 0.500000 0.283203 1.000000 0.121094
0 0.500000 0.240234 1.000000 0.085938
0 0.500000 0.203125 1.000000 0.050781
0 0.513672 0.168945 0.972656 0.029297
0 0.538086 0.139648 0.923828 0.037109
1 0.500000 0.674805 1.000000 0.412109
1 0.500000 0.549805 1.000000 0.318359
1 0.500000 0.455078 1.000000 0.246094
1 0.500000 0.380859 1.000000 0.191406
1 0.500000 0.324219 1.000000 0.144531
1 0.500000 0.276367 1.000000 0.111328
1 0.395508 0.793945 0.791016 0.412109
