0 0.635742 0.823242 0.728516 0.037109
0 0.666016 0.667969 0.667969 0.023438
0 0.687500 0.548828 0.625000 0.031250
0 0.704102 0.457031 0.591797 0.035156
0 0.719727 0.377930 0.560547 0.041016
0 0.731445 0.315430 0.537109 0.044922
0 0.741211 0.263672 0.517578 0.042969
0 0.750977 0.217773 0.498047 0.048828
0 0.756836 0.176758 0.486328 0.052734
0 0.763672 0.143555 0.472656 0.052734
0 0.770508 0.113281 0.458984 0.054688
1 0.634766 0.921875 0.730469 0.042969
1 0.663086 0.754883 0.673828 0.029297
1 0.686523 0.625000 0.626953 0.027344
1 0.705078 0.522461 0.589844 0.033203
1 0.719727 0.439453 0.560547 0.039062
1 0.731445 0.372070 0.537109 0.041016
