1 0.777344 0.655273 0.445312 0.056641
1 0.786133 0.579102 0.427734 0.041016
1 0.793945 0.518555 0.412109 0.029297
1 0.799805 0.466797 0.400391 0.027344
1 0.761719 0.747070 0.476562 0.076172
0 0.760742 0.694336 0.478516 0.068359
0 0.774414 0.607422 0.451172 0.050781
0 0.783203 0.537109 0.433594 0.035156
0 0.791992 0.479492 0.416016 0.025391
0 0.799805 0.429688 0.400391 0.031250
0 0.805664 0.388672 0.388672 0.039062
0 0.811523 0.354492 0.376953 0.044922
0 0.816406 0.325195 0.367188 0.048828
0 0.820312 0.296875 0.359375 0.054688
0 0.825195 0.273438 0.349609 0.054688
0 0.828125 0.250977 0.343750 0.056641
0 0.490234 0.767578 0.183594 0.050781
