0 0.605469 0.602539 0.789062 0.044922
0 0.597656 0.531250 0.605469 0.046875
0 0.590820 0.469727 0.560547 0.052734
0 0.588867 0.415039 0.521484 0.052734
0 0.586914 0.369141 0.486328 0.058594
0 0.583984 0.327148 0.460938 0.056641
0 0.581055 0.291992 0.431641 0.056641
0 0.577148 0.260742 0.404297 0.056641
0 0.558594 0.233398 0.351562 0.052734
1 0.598633 0.568359 0.595703 0.042969
1 0.593750 0.508789 0.554688 0.044922
1 0.589844 0.453125 0.515625 0.046875
1 0.588867 0.405273 0.486328 0.052734
1 0.585938 0.362305 0.453125 0.052734
1 0.609375 0.647461 0.781250 0.037109
0 0.418945 0.220703 0.056641 0.027344
