0 0.500000 0.929688 1.000000 0.093750
0 0.500000 0.718750 1.000000 0.082031
0 0.500000 0.551758 1.000000 0.072266
0 0.500000 0.419922 1.000000 0.066406
0 0.500000 0.313477 1.000000 0.056641
0 0.500000 0.225586 1.000000 0.052734
0 0.500000 0.147461 1.000000 0.052734
0 0.500000 0.082031 1.000000 0.042969
0 0.500000 0.024414 1.000000 0.041016
1 0.500000 0.813477 1.000000 0.087891
1 0.500000 0.637695 1.000000 0.080078
1 0.500000 0.499023 1.000000 0.072266
1 0.500000 0.378906 1.000000 0.062500
1 0.500000 0.287109 1.000000 0.054688
1 0.500000 0.210938 1.000000 0.054688
1 0.885742 0.984375 0.228516 0.031250
