0 0.532227 0.862305 0.935547 0.041016
0 0.585938 0.634766 0.828125 0.039062
0 0.625977 0.459961 0.748047 0.041016
0 0.658203 0.336914 0.683594 0.037109
0 0.684570 0.234375 0.630859 0.039062
0 0.705078 0.150391 0.589844 0.039062
0 0.724609 0.083008 0.550781 0.037109
0 0.739258 0.023438 0.521484 0.039062
1 0.669922 0.985352 0.660156 0.029297
1 0.595703 0.743164 0.808594 0.037109
1 0.635742 0.564453 0.728516 0.039062
1 0.664062 0.422852 0.671875 0.041016
1 0.689453 0.317383 0.621094 0.037109
1 0.710938 0.227539 0.578125 0.037109
