0 0.500000 0.699219 1.000000 0.144531
0 0.381836 0.538086 0.763672 0.115234
0 0.345703 0.391602 0.691406 0.107422
0 0.316406 0.271484 0.632812 0.101562
0 0.288086 0.172852 0.576172 0.091797
0 0.263672 0.083984 0.527344 0.085938
0 0.157227 0.023438 0.314453 0.046875
1 0.500000 0.780273 1.000000 0.146484
1 0.375977 0.616211 0.751953 0.115234
1 0.344727 0.473633 0.689453 0.103516
1 0.313477 0.352539 0.626953 0.095703
1 0.287109 0.245117 0.574219 0.095703
1 0.263672 0.155273 0.527344 0.083984
1 0.248047 0.075195 0.496094 0.083984
