0 0.399414 0.669922 0.576172 0.246094
0 0.310547 0.560547 0.621094 0.214844
0 0.277344 0.454102 0.554688 0.162109
0 0.254883 0.371094 0.509766 0.125000
1 0.481445 0.699219 0.400391 0.187500
1 0.306641 0.623047 0.613281 0.234375
1 0.277344 0.514648 0.554688 0.177734
1 0.253906 0.425781 0.507812 0.136719
0 0.231445 0.300781 0.462891 0.093750
0 0.188477 0.242188 0.376953 0.070312
1 0.223633 0.355469 0.447266 0.105469
1 0.211914 0.290039 0.423828 0.087891
0 0.668945 0.728516 0.224609 0.128906
1 0.716797 0.756836 0.113281 0.072266
