0 0.580078 0.722656 0.320312 0.140625
0 0.333008 0.654297 0.666016 0.199219
0 0.301758 0.535156 0.603516 0.128906
0 0.275391 0.442383 0.550781 0.083984
0 0.253906 0.365234 0.507812 0.050781
0 0.234375 0.303711 0.468750 0.029297
1 0.382812 0.696289 0.554688 0.193359
1 0.300781 0.595703 0.601562 0.156250
1 0.275391 0.499023 0.550781 0.103516
1 0.252930 0.419922 0.505859 0.066406
1 0.234375 0.352539 0.468750 0.044922
0 0.216797 0.250000 0.433594 0.031250
1 0.219727 0.296875 0.439453 0.027344
1 0.635742 0.746094 0.185547 0.093750
