0 0.500000 0.576172 1.000000 0.332031
0 0.500000 0.468750 1.000000 0.269531
0 0.478516 0.386719 0.957031 0.203125
0 0.446289 0.316406 0.892578 0.152344
0 0.416992 0.254883 0.833984 0.111328
0 0.389648 0.200195 0.779297 0.080078
0 0.362305 0.149414 0.724609 0.056641
0 0.336914 0.104492 0.673828 0.037109
1 0.500000 0.640625 1.000000 0.371094
1 0.500000 0.531250 1.000000 0.304688
1 0.480469 0.439453 0.960938 0.238281
1 0.448242 0.363281 0.896484 0.179688
1 0.419922 0.297852 0.839844 0.134766
1 0.366211 0.192383 0.732422 0.072266
1 0.392578 0.244141 0.785156 0.101562
1 0.338867 0.142578 0.677734 0.050781
