0 0.368164 0.656250 0.736328 0.273438
0 0.500000 0.570312 1.000000 0.250000
0 0.500000 0.479492 1.000000 0.169922
0 0.500000 0.409180 1.000000 0.111328
0 0.500000 0.355469 1.000000 0.062500
0 0.500000 0.310547 1.000000 0.023438
0 0.500000 0.277344 1.000000 0.050781
0 0.517578 0.248047 0.964844 0.074219
1 0.294922 0.669922 0.589844 0.246094
1 0.500000 0.614258 1.000000 0.291016
1 0.500000 0.517578 1.000000 0.207031
1 0.500000 0.444336 1.000000 0.142578
1 0.500000 0.387695 1.000000 0.091797
1 0.500000 0.341797 1.000000 0.054688
1 0.500000 0.303711 1.000000 0.025391
