0 0.444336 0.646484 0.869141 0.046875
0 0.453125 0.547852 0.750000 0.044922
0 0.460938 0.470703 0.664062 0.042969
0 0.464844 0.411133 0.593750 0.041016
0 0.467773 0.364258 0.537109 0.041016
0 0.472656 0.324219 0.492188 0.039062
0 0.476562 0.289062 0.453125 0.039062
0 0.478516 0.261719 0.421875 0.039062
0 0.481445 0.237305 0.392578 0.037109
0 0.397461 0.220703 0.201172 0.027344
1 0.446289 0.714844 0.861328 0.046875
1 0.457031 0.607422 0.746094 0.046875
1 0.462891 0.525391 0.660156 0.039062
1 0.466797 0.459961 0.589844 0.041016
