1 0.609375 0.776367 0.781250 0.080078
1 0.625000 0.640625 0.750000 0.054688
1 0.637695 0.534180 0.724609 0.033203
1 0.649414 0.442383 0.701172 0.029297
1 0.582031 0.939453 0.835938 0.117188
0 0.580078 0.845703 0.839844 0.105469
0 0.603516 0.692383 0.792969 0.072266
0 0.620117 0.566406 0.759766 0.042969
0 0.635742 0.463867 0.728516 0.025391
0 0.648438 0.375977 0.703125 0.037109
0 0.659180 0.302734 0.681641 0.050781
0 0.669922 0.242188 0.660156 0.062500
0 0.678711 0.188477 0.642578 0.068359
0 0.685547 0.139648 0.628906 0.076172
0 0.693359 0.096680 0.613281 0.080078
0 0.699219 0.056641 0.601562 0.082031
0 0.125000 0.974609 0.250000 0.050781
