0 0.727539 0.232422 0.310547 0.050781
0 0.748047 0.250000 0.363281 0.054688
0 0.750977 0.270508 0.380859 0.056641
0 0.752930 0.293945 0.400391 0.052734
0 0.754883 0.322266 0.427734 0.050781
0 0.756836 0.351562 0.451172 0.046875
0 0.759766 0.385742 0.480469 0.044922
0 0.752930 0.426758 0.494141 0.033203
0 0.746094 0.472656 0.507812 0.027344
0 0.737305 0.526367 0.525391 0.033203
0 0.728516 0.586914 0.542969 0.044922
0 0.689453 0.656250 0.621094 0.062500
1 0.691406 0.704102 0.617188 0.076172
1 0.728516 0.625000 0.542969 0.050781
1 0.738281 0.566406 0.523438 0.039062
1 0.746094 0.512695 0.507812 0.033203
1 0.753906 0.460938 0.492188 0.027344
