0 0.448242 0.682617 0.615234 0.220703
0 0.343750 0.556641 0.687500 0.191406
0 0.311523 0.445312 0.623047 0.140625
0 0.286133 0.352539 0.572266 0.107422
0 0.265625 0.281250 0.531250 0.085938
1 0.532227 0.709961 0.431641 0.166016
1 0.339844 0.615234 0.679688 0.199219
1 0.308594 0.500000 0.617188 0.148438
1 0.285156 0.408203 0.570312 0.121094
1 0.265625 0.329102 0.531250 0.095703
1 0.247070 0.264648 0.494141 0.080078
0 0.118164 0.228516 0.236328 0.042969
1 0.087891 0.225586 0.175781 0.037109
0 0.771484 0.750000 0.164062 0.085938
