0 0.209961 0.109375 0.408203 0.023438
0 0.212891 0.135742 0.425781 0.025391
0 0.220703 0.166992 0.441406 0.025391
0 0.230469 0.203125 0.460938 0.023438
0 0.241211 0.248047 0.482422 0.027344
0 0.252930 0.299805 0.505859 0.025391
0 0.269531 0.360352 0.539062 0.029297
0 0.285156 0.432617 0.570312 0.033203
0 0.308594 0.519531 0.617188 0.035156
0 0.334961 0.628906 0.669922 0.035156
0 0.372070 0.772461 0.744141 0.037109
0 0.415039 0.964844 0.830078 0.042969
1 0.366211 0.875977 0.732422 0.037109
1 0.333008 0.720703 0.666016 0.035156
1 0.304688 0.600586 0.609375 0.033203
1 0.284180 0.507812 0.568359 0.031250
