0 0.860352 0.738281 0.189453 0.109375
0 0.541992 0.683594 0.603516 0.218750
0 0.377930 0.575195 0.755859 0.193359
0 0.339844 0.469727 0.679688 0.126953
0 0.308594 0.388672 0.617188 0.085938
0 0.265625 0.266602 0.531250 0.037109
1 0.909180 0.767578 0.076172 0.050781
1 0.637695 0.708008 0.404297 0.169922
1 0.375000 0.642578 0.750000 0.222656
1 0.337891 0.531250 0.675781 0.156250
1 0.305664 0.445312 0.611328 0.105469
1 0.283203 0.375977 0.566406 0.076172
1 0.265625 0.317383 0.531250 0.056641
0 0.288086 0.321289 0.576172 0.060547
0 0.246094 0.221680 0.492188 0.025391
