0 0.617188 0.689453 0.617188 0.207031
0 0.421875 0.613281 0.843750 0.191406
0 0.386719 0.520508 0.773438 0.123047
0 0.360352 0.447266 0.720703 0.074219
0 0.333984 0.388672 0.667969 0.042969
0 0.311523 0.339844 0.623047 0.023438
0 0.294922 0.298828 0.589844 0.042969
0 0.273438 0.265625 0.546875 0.050781
1 0.414062 0.661133 0.828125 0.216797
1 0.382812 0.564453 0.765625 0.144531
1 0.356445 0.487305 0.712891 0.095703
1 0.332031 0.425781 0.664062 0.058594
1 0.311523 0.375000 0.623047 0.035156
1 0.291016 0.332031 0.582031 0.031250
1 0.690430 0.707031 0.447266 0.171875
