0 0.523438 0.234375 0.343750 0.046875
0 0.525391 0.254883 0.363281 0.044922
0 0.525391 0.278320 0.382812 0.041016
0 0.531250 0.302734 0.414062 0.046875
0 0.535156 0.331055 0.441406 0.044922
0 0.540039 0.363281 0.474609 0.046875
0 0.543945 0.402344 0.509766 0.046875
0 0.548828 0.447266 0.554688 0.042969
0 0.554688 0.501953 0.609375 0.042969
0 0.562500 0.566406 0.671875 0.046875
0 0.569336 0.649414 0.751953 0.041016
0 0.518555 0.751953 0.962891 0.039062
1 0.568359 0.697266 0.746094 0.035156
1 0.561523 0.612305 0.662109 0.041016
1 0.554688 0.541992 0.601562 0.044922
1 0.549805 0.484375 0.548828 0.046875
1 0.542969 0.436523 0.507812 0.044922
