0 0.892578 0.109375 0.214844 0.023438
0 0.886719 0.134766 0.226562 0.023438
0 0.882812 0.166992 0.234375 0.025391
0 0.875977 0.203125 0.248047 0.023438
0 0.868164 0.249023 0.263672 0.025391
0 0.859375 0.298828 0.281250 0.023438
0 0.850586 0.359375 0.298828 0.027344
0 0.836914 0.428711 0.326172 0.029297
0 0.821289 0.514648 0.357422 0.029297
0 0.803711 0.624023 0.392578 0.029297
0 0.780273 0.766602 0.439453 0.029297
0 0.748047 0.956055 0.503906 0.033203
1 0.782227 0.869141 0.435547 0.031250
1 0.807617 0.715820 0.384766 0.029297
1 0.823242 0.596680 0.353516 0.029297
1 0.835938 0.501953 0.328125 0.027344
