0 0.687500 0.682617 0.625000 0.080078
0 0.742188 0.587891 0.515625 0.046875
0 0.757812 0.503906 0.484375 0.023438
0 0.769531 0.438477 0.460938 0.037109
0 0.780273 0.379883 0.439453 0.048828
0 0.788086 0.330078 0.423828 0.058594
0 0.795898 0.289062 0.408203 0.070312
0 0.807617 0.248047 0.384766 0.074219
0 0.709961 0.229492 0.166016 0.044922
1 0.691406 0.731445 0.617188 0.087891
1 0.746094 0.630859 0.507812 0.050781
1 0.759766 0.548828 0.480469 0.031250
1 0.770508 0.481445 0.458984 0.033203
1 0.780273 0.419922 0.439453 0.042969
1 0.791016 0.367188 0.417969 0.050781
