0 0.957031 0.020508 0.085938 0.029297
0 0.940430 0.068359 0.119141 0.031250
0 0.921875 0.123047 0.156250 0.035156
0 0.899414 0.182617 0.201172 0.044922
0 0.877930 0.255859 0.244141 0.050781
0 0.848633 0.343750 0.302734 0.062500
0 0.813477 0.444336 0.373047 0.080078
0 0.771484 0.572266 0.457031 0.109375
0 0.715820 0.733398 0.568359 0.150391
0 0.583008 0.919922 0.548828 0.160156
1 0.431641 0.958008 0.234375 0.083984
1 0.716797 0.833984 0.566406 0.156250
1 0.767578 0.660156 0.464844 0.117188
1 0.810547 0.524414 0.378906 0.087891
1 0.843750 0.416992 0.312500 0.072266
1 0.875977 0.329102 0.248047 0.056641
