0 0.500000 0.808594 1.000000 0.312500
0 0.500000 0.535156 1.000000 0.210938
0 0.500000 0.345703 1.000000 0.140625
0 0.500000 0.210938 1.000000 0.089844
0 0.500000 0.106445 1.000000 0.052734
0 0.154297 0.024414 0.308594 0.025391
0 0.642578 0.025391 0.714844 0.027344
1 0.440430 0.856445 0.880859 0.287109
1 0.500000 0.593750 1.000000 0.230469
1 0.500000 0.401367 1.000000 0.162109
1 0.500000 0.264648 1.000000 0.111328
1 0.500000 0.156250 1.000000 0.070312
1 0.500000 0.074219 1.000000 0.039062
1 0.500000 0.010742 1.000000 0.021484
