0 0.224609 0.032227 0.449219 0.052734
0 0.234375 0.070312 0.468750 0.054688
0 0.243164 0.108398 0.486328 0.048828
0 0.262695 0.157227 0.525391 0.052734
0 0.278320 0.207031 0.556641 0.050781
0 0.296875 0.263672 0.593750 0.050781
0 0.317383 0.332031 0.634766 0.050781
0 0.340820 0.413086 0.681641 0.048828
0 0.371094 0.509766 0.742188 0.050781
0 0.406250 0.624023 0.812500 0.052734
0 0.447266 0.770508 0.894531 0.044922
0 0.500000 0.954102 1.000000 0.041016
1 0.443359 0.853516 0.886719 0.035156
1 0.400391 0.705078 0.800781 0.046875
1 0.368164 0.580078 0.736328 0.050781
1 0.339844 0.477539 0.679688 0.056641
1 0.314453 0.392578 0.628906 0.050781
