0 0.875000 0.958984 0.250000 0.082031
0 0.500000 0.796875 1.000000 0.257812
0 0.500000 0.594727 1.000000 0.228516
0 0.500000 0.435547 1.000000 0.207031
0 0.500000 0.308594 1.000000 0.187500
0 0.500977 0.198242 0.998047 0.173828
0 0.512695 0.107422 0.974609 0.156250
0 0.412109 0.051758 0.730469 0.103516
0 0.158203 0.016602 0.187500 0.033203
1 0.597656 0.890625 0.804688 0.218750
1 0.500000 0.699219 1.000000 0.250000
1 0.500000 0.537109 1.000000 0.226562
1 0.501953 0.397461 0.996094 0.201172
1 0.513672 0.283203 0.972656 0.179688
