0 0.650391 0.330078 0.699219 0.093750
0 0.631836 0.414062 0.736328 0.113281
0 0.605469 0.520508 0.789062 0.138672
0 0.575195 0.655273 0.849609 0.185547
0 0.161133 0.340820 0.322266 0.068359
0 0.140625 0.425781 0.281250 0.093750
0 0.115234 0.535156 0.230469 0.109375
0 0.083984 0.687500 0.167969 0.121094
1 0.164062 0.385742 0.328125 0.087891
1 0.652344 0.377930 0.695312 0.103516
1 0.145508 0.470703 0.291016 0.105469
1 0.634766 0.463867 0.730469 0.123047
1 0.123047 0.583008 0.246094 0.126953
1 0.611328 0.572266 0.777344 0.152344
1 0.082031 0.729492 0.164062 0.126953
1 0.629883 0.700195 0.740234 0.173828
