0 0.690430 0.152344 0.619141 0.031250
0 0.673828 0.190430 0.652344 0.029297
0 0.652344 0.232422 0.695312 0.027344
0 0.625977 0.285156 0.748047 0.027344
0 0.599609 0.350586 0.800781 0.025391
0 0.563477 0.430664 0.873047 0.025391
0 0.519531 0.537109 0.960938 0.031250
0 0.500000 0.665039 1.000000 0.037109
0 0.500000 0.842773 1.000000 0.048828
1 0.500000 0.958008 1.000000 0.048828
1 0.500000 0.765625 1.000000 0.039062
1 0.522461 0.624023 0.955078 0.033203
1 0.567383 0.510742 0.865234 0.029297
1 0.601562 0.419922 0.796875 0.023438
