0 0.650391 0.743164 0.292969 0.095703
0 0.775391 0.623047 0.449219 0.109375
0 0.791016 0.513672 0.417969 0.078125
0 0.808594 0.417969 0.382812 0.058594
0 0.818359 0.338867 0.363281 0.044922
0 0.832031 0.272461 0.335938 0.037109
1 0.835938 0.258789 0.328125 0.033203
1 0.826172 0.320312 0.347656 0.042969
1 0.816406 0.389648 0.367188 0.052734
1 0.714844 0.456055 0.210938 0.044922
1 0.901367 0.487305 0.197266 0.044922
1 0.705078 0.546875 0.246094 0.054688
1 0.915039 0.588867 0.169922 0.056641
1 0.655273 0.654297 0.146484 0.066406
1 0.781250 0.690430 0.152344 0.052734
1 0.917969 0.705078 0.164062 0.058594
