1 0.274414 0.100586 0.548828 0.033203
1 0.293945 0.184570 0.587891 0.025391
1 0.314453 0.276367 0.628906 0.044922
1 0.340820 0.384766 0.681641 0.070312
1 0.368164 0.511719 0.736328 0.113281
1 0.392578 0.665039 0.785156 0.166016
1 0.434570 0.864258 0.869141 0.244141
0 0.435547 0.761719 0.871094 0.214844
0 0.396484 0.574219 0.792969 0.144531
0 0.363281 0.425781 0.726562 0.093750
0 0.336914 0.302734 0.673828 0.054688
0 0.310547 0.198242 0.621094 0.029297
0 0.289062 0.110352 0.578125 0.033203
0 0.274414 0.033203 0.548828 0.046875
