1 0.500000 0.222656 1.000000 0.066406
1 0.500000 0.291016 1.000000 0.105469
1 0.500000 0.380859 1.000000 0.156250
1 0.500000 0.496094 1.000000 0.218750
1 0.500000 0.661133 1.000000 0.314453
1 0.635742 0.839844 0.728516 0.320312
1 0.949219 0.969727 0.101562 0.060547
0 0.500000 0.166016 1.000000 0.039062
0 0.500000 0.232422 1.000000 0.074219
0 0.500000 0.313477 1.000000 0.119141
0 0.500000 0.424805 1.000000 0.181641
0 0.500000 0.575195 1.000000 0.263672
0 0.500000 0.800781 1.000000 0.390625
0 0.888672 0.933594 0.222656 0.132812
0 0.500000 0.115234 1.000000 0.039062
0 0.500000 0.069336 1.000000 0.060547
