0 0.500000 0.888672 1.000000 0.078125
0 0.453125 0.677734 0.906250 0.082031
0 0.389648 0.534180 0.779297 0.072266
0 0.342773 0.428711 0.685547 0.068359
0 0.309570 0.351562 0.619141 0.070312
0 0.281250 0.291016 0.562500 0.066406
0 0.257812 0.238281 0.515625 0.062500
0 0.241211 0.197266 0.482422 0.058594
0 0.226562 0.163086 0.453125 0.060547
0 0.214844 0.133789 0.429688 0.060547
0 0.204102 0.108398 0.408203 0.056641
0 0.194336 0.088867 0.388672 0.052734
1 0.448242 0.806641 0.896484 0.074219
1 0.387695 0.640625 0.775391 0.074219
1 0.339844 0.521484 0.679688 0.070312
