0 0.424805 0.783203 0.849609 0.066406
0 0.385742 0.563477 0.771484 0.068359
0 0.358398 0.384766 0.716797 0.078125
0 0.328125 0.232422 0.656250 0.070312
0 0.309570 0.106445 0.619141 0.076172
0 0.138672 0.017578 0.277344 0.035156
1 0.314453 0.189453 0.628906 0.078125
1 0.280273 0.080078 0.560547 0.070312
1 0.045898 0.008789 0.091797 0.017578
1 0.121094 0.332031 0.242188 0.039062
1 0.449219 0.319336 0.421875 0.056641
1 0.142578 0.476562 0.285156 0.046875
1 0.497070 0.472656 0.443359 0.046875
1 0.190430 0.673828 0.380859 0.046875
1 0.569336 0.632812 0.431641 0.039062
