0 0.816406 0.022461 0.367188 0.044922
0 0.809570 0.058594 0.380859 0.046875
0 0.801758 0.100586 0.396484 0.044922
0 0.793945 0.142578 0.412109 0.050781
0 0.784180 0.193359 0.431641 0.050781
0 0.774414 0.249023 0.451172 0.048828
0 0.760742 0.317383 0.478516 0.048828
0 0.746094 0.399414 0.507812 0.044922
0 0.726562 0.496094 0.546875 0.042969
0 0.705078 0.610352 0.589844 0.044922
0 0.676758 0.758789 0.646484 0.037109
0 0.537109 0.941406 0.925781 0.039062
1 0.677734 0.845703 0.644531 0.031250
1 0.709961 0.692383 0.580078 0.041016
1 0.731445 0.564453 0.537109 0.042969
1 0.749023 0.461914 0.501953 0.044922
1 0.760742 0.378906 0.478516 0.042969
