0 0.208984 0.015625 0.417969 0.031250
0 0.221680 0.046875 0.443359 0.035156
0 0.238281 0.086914 0.476562 0.033203
0 0.253906 0.129883 0.507812 0.033203
0 0.273438 0.180664 0.546875 0.029297
0 0.294922 0.234375 0.589844 0.023438
0 0.318359 0.297852 0.636719 0.029297
0 0.346680 0.374023 0.693359 0.033203
0 0.378906 0.458984 0.757812 0.042969
0 0.417969 0.560547 0.835938 0.050781
0 0.463867 0.683594 0.927734 0.066406
0 0.500000 0.833984 1.000000 0.093750
1 0.498047 0.929688 0.996094 0.105469
1 0.458984 0.770508 0.917969 0.080078
1 0.416016 0.636719 0.832031 0.062500
1 0.377930 0.528320 0.755859 0.044922
1 0.344727 0.436523 0.689453 0.041016
1 0.320312 0.360352 0.640625 0.029297
