1 0.608398 0.736328 0.291016 0.113281
1 0.347656 0.681641 0.695312 0.187500
1 0.320312 0.585938 0.640625 0.128906
1 0.297852 0.500000 0.595703 0.078125
1 0.277344 0.432617 0.554688 0.044922
1 0.259766 0.373047 0.519531 0.027344
1 0.244141 0.327148 0.488281 0.041016
0 0.525391 0.710938 0.484375 0.164062
0 0.351562 0.634766 0.703125 0.167969
0 0.322266 0.536133 0.644531 0.107422
0 0.298828 0.458008 0.597656 0.060547
0 0.277344 0.390625 0.554688 0.031250
0 0.260742 0.337891 0.521484 0.035156
0 0.245117 0.291992 0.490234 0.048828
0 0.229492 0.251953 0.458984 0.058594
