0 0.679688 0.713867 0.500000 0.158203
0 0.423828 0.638672 0.847656 0.218750
0 0.389648 0.535156 0.779297 0.179688
0 0.362305 0.453125 0.724609 0.156250
0 0.339844 0.384766 0.679688 0.132812
0 0.325195 0.326172 0.630859 0.117188
0 0.316406 0.277344 0.585938 0.101562
1 0.483398 0.689453 0.728516 0.207031
1 0.389648 0.592773 0.779297 0.197266
1 0.364258 0.507812 0.728516 0.167969
1 0.347656 0.433594 0.671875 0.140625
1 0.335938 0.373047 0.625000 0.121094
0 0.246094 0.243164 0.421875 0.072266
0 0.102539 0.224609 0.115234 0.035156
1 0.798828 0.744141 0.253906 0.097656
