0 0.429688 0.803711 0.859375 0.287109
0 0.356445 0.623047 0.712891 0.164062
0 0.294922 0.486328 0.589844 0.097656
0 0.247070 0.376953 0.494141 0.058594
0 0.200195 0.289062 0.400391 0.035156
0 0.161133 0.215820 0.322266 0.025391
0 0.130859 0.154297 0.261719 0.031250
0 0.093750 0.102539 0.187500 0.033203
1 0.450195 0.863281 0.775391 0.273438
1 0.343750 0.694336 0.687500 0.181641
1 0.288086 0.552734 0.576172 0.113281
1 0.240234 0.440430 0.480469 0.072266
1 0.197266 0.348633 0.394531 0.044922
1 0.161133 0.270508 0.322266 0.029297
1 0.125000 0.205078 0.250000 0.027344
