0 0.555664 0.280273 0.240234 0.025391
0 0.555664 0.294922 0.251953 0.023438
0 0.558594 0.312500 0.265625 0.023438
0 0.559570 0.332031 0.283203 0.023438
0 0.560547 0.358398 0.304688 0.025391
0 0.562500 0.386719 0.328125 0.023438
0 0.567383 0.420898 0.357422 0.025391
0 0.568359 0.460938 0.390625 0.031250
0 0.572266 0.509766 0.433594 0.031250
0 0.578125 0.572266 0.484375 0.031250
0 0.585938 0.652344 0.550781 0.031250
0 0.591797 0.760742 0.636719 0.037109
1 0.583008 0.709961 0.541016 0.033203
1 0.578125 0.623047 0.476562 0.031250
1 0.572266 0.555664 0.425781 0.029297
1 0.567383 0.502930 0.388672 0.029297
