0 0.753906 0.740234 0.195312 0.105469
0 0.452148 0.672852 0.603516 0.232422
0 0.337891 0.555664 0.675781 0.212891
0 0.306641 0.443359 0.613281 0.160156
0 0.279297 0.349609 0.558594 0.121094
0 0.256836 0.278320 0.513672 0.099609
0 0.102539 0.231445 0.205078 0.048828
1 0.541992 0.699219 0.416016 0.183594
1 0.339844 0.617188 0.679688 0.226562
1 0.304688 0.500000 0.609375 0.171875
1 0.276367 0.404297 0.552734 0.128906
1 0.256836 0.327148 0.513672 0.107422
1 0.233398 0.262695 0.466797 0.091797
1 0.077148 0.228516 0.154297 0.042969
