0 0.515625 0.031250 0.531250 0.062500
0 0.553711 0.055664 0.626953 0.080078
0 0.557617 0.093750 0.658203 0.082031
0 0.561523 0.135742 0.697266 0.076172
0 0.563477 0.182617 0.740234 0.072266
0 0.568359 0.236328 0.785156 0.062500
0 0.576172 0.297852 0.839844 0.060547
0 0.565430 0.369141 0.869141 0.042969
0 0.552734 0.451172 0.894531 0.031250
0 0.538086 0.545898 0.923828 0.041016
0 0.521484 0.654297 0.957031 0.058594
0 0.500000 0.782227 1.000000 0.087891
1 0.500000 0.865234 1.000000 0.109375
1 0.522461 0.721680 0.955078 0.072266
1 0.539062 0.617188 0.921875 0.050781
1 0.553711 0.522461 0.892578 0.041016
1 0.568359 0.431641 0.863281 0.031250
