0 0.500000 0.829102 1.000000 0.115234
0 0.545898 0.657227 0.908203 0.064453
0 0.573242 0.507812 0.853516 0.023438
0 0.594727 0.390625 0.810547 0.046875
0 0.614258 0.287109 0.771484 0.070312
0 0.627930 0.198242 0.744141 0.087891
0 0.642578 0.125977 0.714844 0.103516
0 0.662109 0.054688 0.675781 0.109375
0 0.485352 0.025391 0.279297 0.050781
1 0.500000 0.916992 1.000000 0.134766
1 0.552734 0.731445 0.894531 0.072266
1 0.578125 0.587891 0.843750 0.039062
1 0.596680 0.466797 0.806641 0.039062
1 0.614258 0.357422 0.771484 0.058594
1 0.633789 0.263672 0.732422 0.070312
