0 0.682617 0.606445 0.634766 0.134766
0 0.750977 0.511719 0.498047 0.078125
0 0.780273 0.424805 0.439453 0.048828
0 0.813477 0.347656 0.373047 0.023438
0 0.836914 0.280273 0.326172 0.037109
0 0.861328 0.219727 0.277344 0.044922
0 0.881836 0.160156 0.236328 0.050781
0 0.914062 0.109375 0.171875 0.046875
1 0.841797 0.326172 0.316406 0.027344
1 0.814453 0.399414 0.371094 0.037109
1 0.789062 0.481445 0.421875 0.060547
1 0.759766 0.577148 0.480469 0.091797
1 0.861328 0.262695 0.277344 0.037109
1 0.883789 0.204102 0.232422 0.041016
1 0.916016 0.151367 0.167969 0.041016
1 0.681641 0.669922 0.636719 0.164062
