0 0.794922 0.435547 0.402344 0.035156
0 0.786133 0.466797 0.427734 0.042969
0 0.774414 0.501953 0.451172 0.054688
0 0.759766 0.542969 0.480469 0.070312
0 0.745117 0.592773 0.509766 0.087891
0 0.725586 0.653320 0.548828 0.115234
0 0.669922 0.722656 0.527344 0.140625
0 0.433594 0.757812 0.167969 0.070312
1 0.555664 0.743164 0.302734 0.099609
1 0.724609 0.698242 0.550781 0.134766
1 0.744141 0.633789 0.511719 0.103516
1 0.759766 0.579102 0.480469 0.080078
1 0.773438 0.534180 0.453125 0.064453
1 0.784180 0.498047 0.427734 0.050781
