0 0.214844 0.888672 0.429688 0.148438
0 0.228516 0.698242 0.457031 0.126953
0 0.238281 0.548828 0.476562 0.105469
0 0.246094 0.427734 0.492188 0.089844
0 0.264648 0.333008 0.482422 0.072266
0 0.298828 0.251953 0.437500 0.054688
0 0.306641 0.181641 0.359375 0.039062
0 0.345703 0.121094 0.339844 0.031250
0 0.376953 0.069336 0.320312 0.025391
1 0.130859 0.952148 0.261719 0.095703
1 0.221680 0.786133 0.443359 0.138672
1 0.232422 0.627930 0.464844 0.119141
1 0.241211 0.501953 0.482422 0.097656
1 0.206055 0.395508 0.369141 0.068359
1 0.293945 0.316406 0.431641 0.062500
1 0.295898 0.240234 0.333984 0.042969
1 0.331055 0.177734 0.318359 0.035156
