0 0.822266 0.232422 0.355469 0.042969
0 0.813477 0.263672 0.373047 0.039062
0 0.805664 0.301758 0.388672 0.033203
0 0.796875 0.341797 0.406250 0.027344
0 0.787109 0.388672 0.425781 0.027344
0 0.779297 0.445312 0.441406 0.039062
0 0.769531 0.513672 0.460938 0.050781
0 0.755859 0.599609 0.488281 0.070312
0 0.739258 0.706055 0.521484 0.103516
1 0.665039 0.750977 0.341797 0.083984
1 0.760742 0.649414 0.478516 0.083984
1 0.770508 0.561523 0.458984 0.060547
1 0.778320 0.488281 0.443359 0.046875
1 0.789062 0.430664 0.421875 0.033203
1 0.794922 0.382812 0.410156 0.027344
