0 0.278320 0.875000 0.439453 0.250000
0 0.142578 0.687500 0.285156 0.160156
0 0.062500 0.560547 0.125000 0.074219
0 0.019531 0.465820 0.039062 0.033203
0 0.860352 0.610352 0.279297 0.177734
0 0.750977 0.200195 0.498047 0.244141
1 0.828125 0.674805 0.343750 0.224609
1 0.740234 0.298828 0.519531 0.273438
1 0.453125 0.065430 0.375000 0.130859
0 0.101562 0.282227 0.203125 0.099609
0 0.133789 0.389648 0.267578 0.134766
0 0.204102 0.480469 0.220703 0.113281
0 0.294922 0.567383 0.160156 0.095703
0 0.373047 0.663086 0.074219 0.052734
1 0.114258 0.312500 0.228516 0.113281
1 0.157227 0.409180 0.251953 0.123047
1 0.220703 0.502930 0.175781 0.099609
1 0.312500 0.585938 0.152344 0.089844
1 0.399414 0.671875 0.091797 0.062500
