1 0.304688 0.914062 0.500000 0.171875
1 0.225586 0.730469 0.451172 0.128906
1 0.175781 0.586914 0.351562 0.080078
1 0.135742 0.462891 0.271484 0.046875
1 0.099609 0.363281 0.199219 0.031250
1 0.068359 0.277344 0.136719 0.023438
1 0.041016 0.207031 0.082031 0.027344
0 0.289062 0.835938 0.578125 0.195312
0 0.228516 0.661133 0.457031 0.115234
0 0.179688 0.512695 0.359375 0.068359
0 0.138672 0.399414 0.277344 0.041016
0 0.100586 0.302734 0.201172 0.023438
0 0.070312 0.222656 0.140625 0.027344
0 0.041992 0.150391 0.083984 0.027344
0 0.014648 0.088867 0.029297 0.025391
