0 0.460938 0.850586 0.921875 0.041016
0 0.405273 0.623047 0.810547 0.039062
0 0.360352 0.450195 0.720703 0.037109
0 0.326172 0.330078 0.652344 0.035156
0 0.298828 0.225586 0.597656 0.037109
0 0.277344 0.142578 0.554688 0.035156
0 0.259766 0.075195 0.519531 0.037109
0 0.245117 0.017578 0.490234 0.035156
1 0.450195 0.978516 0.900391 0.042969
1 0.394531 0.734375 0.789062 0.035156
1 0.350586 0.555664 0.701172 0.037109
1 0.319336 0.414062 0.638672 0.039062
1 0.293945 0.310547 0.587891 0.035156
1 0.276367 0.219727 0.552734 0.037109
