0 0.696289 0.880859 0.607422 0.238281
0 0.500000 0.742188 1.000000 0.273438
0 0.500000 0.588867 1.000000 0.177734
0 0.500000 0.470703 1.000000 0.109375
0 0.500000 0.382812 1.000000 0.054688
0 0.500000 0.305664 1.000000 0.037109
0 0.500000 0.246094 1.000000 0.078125
0 0.488281 0.191406 0.976562 0.101562
0 0.461914 0.144531 0.923828 0.121094
1 0.834961 0.920898 0.330078 0.158203
1 0.500000 0.837891 1.000000 0.324219
1 0.500000 0.668945 1.000000 0.228516
1 0.500000 0.541016 1.000000 0.152344
1 0.500000 0.445312 1.000000 0.093750
1 0.500000 0.367188 1.000000 0.046875
