1 0.346680 0.811523 0.693359 0.166016
1 0.322266 0.703125 0.644531 0.140625
1 0.299805 0.600586 0.599609 0.099609
1 0.282227 0.513672 0.564453 0.082031
1 0.264648 0.436523 0.529297 0.060547
1 0.538086 0.907227 0.619141 0.185547
0 0.186523 0.082031 0.373047 0.042969
0 0.196289 0.117188 0.392578 0.039062
0 0.206055 0.158203 0.412109 0.035156
0 0.216797 0.203125 0.433594 0.027344
0 0.228516 0.253906 0.457031 0.023438
0 0.245117 0.309570 0.490234 0.037109
0 0.260742 0.373047 0.521484 0.050781
0 0.279297 0.443359 0.558594 0.066406
0 0.297852 0.527344 0.595703 0.089844
0 0.319336 0.625977 0.638672 0.115234
0 0.344727 0.739258 0.689453 0.158203
0 0.420898 0.857422 0.841797 0.230469
