0 0.265625 0.157227 0.531250 0.033203
0 0.284180 0.194336 0.568359 0.029297
0 0.307617 0.237305 0.615234 0.029297
0 0.332031 0.290039 0.664062 0.029297
0 0.365234 0.351562 0.730469 0.027344
0 0.403320 0.430664 0.806641 0.025391
0 0.450195 0.531250 0.900391 0.031250
0 0.500000 0.655273 1.000000 0.037109
0 0.500000 0.825195 1.000000 0.044922
1 0.500000 0.938477 1.000000 0.048828
1 0.499023 0.751953 0.998047 0.039062
1 0.441406 0.617188 0.882812 0.031250
1 0.399414 0.505859 0.798828 0.027344
1 0.362305 0.420898 0.724609 0.025391
