0 0.725586 0.443359 0.548828 0.132812
0 0.658203 0.542969 0.683594 0.226562
0 0.512695 0.638672 0.658203 0.308594
0 0.133789 0.318359 0.201172 0.058594
0 0.107422 0.370117 0.214844 0.083984
0 0.093750 0.449219 0.187500 0.101562
1 0.726562 0.494141 0.546875 0.152344
1 0.660156 0.603516 0.679688 0.261719
1 0.436523 0.666016 0.474609 0.253906
0 0.261719 0.469727 0.156250 0.072266
0 0.412109 0.404297 0.488281 0.191406
0 0.316406 0.371094 0.242188 0.082031
0 0.321289 0.315430 0.212891 0.064453
0 0.132812 0.287109 0.195312 0.050781
1 0.141602 0.346680 0.201172 0.064453
1 0.111328 0.402344 0.222656 0.097656
1 0.098633 0.488281 0.197266 0.121094
