0 0.388672 0.666016 0.777344 0.183594
0 0.355469 0.551758 0.699219 0.126953
0 0.336914 0.463867 0.623047 0.091797
0 0.319336 0.392578 0.564453 0.066406
0 0.307617 0.337891 0.517578 0.050781
0 0.293945 0.291992 0.478516 0.041016
0 0.285156 0.252930 0.445312 0.029297
0 0.275391 0.220703 0.417969 0.023438
1 0.494141 0.711914 0.558594 0.162109
1 0.364258 0.613281 0.681641 0.148438
1 0.343750 0.520508 0.613281 0.107422
1 0.325195 0.445312 0.556641 0.078125
1 0.312500 0.386719 0.507812 0.062500
0 0.722656 0.740234 0.289062 0.105469
1 0.822266 0.770508 0.074219 0.044922
