0 0.633789 0.387695 0.697266 0.044922
0 0.620117 0.443359 0.744141 0.058594
0 0.604492 0.502930 0.791016 0.080078
0 0.578125 0.578125 0.843750 0.105469
0 0.551758 0.666992 0.896484 0.138672
0 0.516602 0.773438 0.966797 0.187500
0 0.435547 0.893555 0.871094 0.212891
0 0.067383 0.974609 0.134766 0.050781
1 0.235352 0.931641 0.470703 0.136719
1 0.515625 0.852539 0.968750 0.220703
1 0.548828 0.737305 0.902344 0.166016
1 0.577148 0.640625 0.845703 0.125000
1 0.599609 0.561523 0.792969 0.095703
1 0.617188 0.496094 0.742188 0.074219
