1 0.550781 0.187500 0.703125 0.203125
1 0.479492 0.294922 0.697266 0.308594
1 0.902344 0.431641 0.195312 0.035156
1 0.940430 0.273438 0.119141 0.031250
1 0.404297 0.419922 0.679688 0.441406
1 0.860352 0.622070 0.279297 0.037109
1 0.313477 0.566406 0.626953 0.605469
1 0.805664 0.854492 0.388672 0.033203
0 0.541992 0.124023 0.697266 0.146484
0 0.937500 0.184570 0.125000 0.033203
0 0.469727 0.230469 0.689453 0.253906
0 0.900391 0.342773 0.199219 0.037109
0 0.389648 0.355469 0.673828 0.382812
0 0.851562 0.527344 0.296875 0.039062
0 0.304688 0.506836 0.609375 0.548828
0 0.793945 0.761719 0.412109 0.039062
