0 0.438477 0.749023 0.123047 0.087891
0 0.390625 0.588867 0.781250 0.357422
0 0.160156 0.512695 0.320312 0.115234
0 0.373047 0.343750 0.746094 0.148438
0 0.508789 0.417969 0.412109 0.136719
0 0.758789 0.341797 0.134766 0.062500
0 0.824219 0.395508 0.132812 0.076172
1 0.431641 0.381836 0.378906 0.103516
1 0.671875 0.325195 0.148438 0.056641
1 0.742188 0.373047 0.167969 0.078125
1 0.576172 0.540039 0.386719 0.193359
1 0.814453 0.426758 0.136719 0.080078
1 0.125000 0.436523 0.250000 0.072266
1 0.340820 0.506836 0.681641 0.236328
1 0.232422 0.705078 0.351562 0.175781
1 0.458008 0.764648 0.080078 0.056641
