0 0.330078 0.032227 0.386719 0.052734
0 0.309570 0.081055 0.412109 0.056641
0 0.287109 0.137695 0.441406 0.064453
0 0.257812 0.198242 0.472656 0.076172
0 0.241211 0.271484 0.482422 0.082031
0 0.231445 0.363281 0.462891 0.085938
0 0.222656 0.472656 0.445312 0.093750
0 0.233398 0.615234 0.466797 0.113281
0 0.221680 0.794922 0.443359 0.125000
0 0.040039 0.984375 0.080078 0.031250
1 0.214844 0.895508 0.429688 0.123047
1 0.224609 0.707031 0.449219 0.121094
1 0.236328 0.559570 0.472656 0.107422
1 0.224609 0.440430 0.449219 0.095703
1 0.232422 0.344727 0.464844 0.087891
