1 0.236328 0.237305 0.472656 0.068359
1 0.259766 0.328125 0.519531 0.085938
1 0.285156 0.423828 0.570312 0.113281
1 0.315430 0.540039 0.630859 0.142578
1 0.348633 0.675781 0.697266 0.199219
1 0.385742 0.838867 0.771484 0.263672
1 0.686523 0.928711 0.341797 0.142578
0 0.213867 0.094727 0.427734 0.044922
0 0.231445 0.166016 0.462891 0.054688
0 0.255859 0.251953 0.511719 0.074219
0 0.280273 0.347656 0.560547 0.093750
0 0.311523 0.458984 0.623047 0.125000
0 0.340820 0.589844 0.681641 0.167969
0 0.380859 0.745117 0.761719 0.240234
0 0.545898 0.885742 0.611328 0.228516
