0 0.718750 0.267578 0.398438 0.074219
0 0.685547 0.241211 0.277344 0.068359
0 0.628906 0.226562 0.109375 0.039062
0 0.698242 0.308594 0.416016 0.062500
0 0.675781 0.355469 0.437500 0.054688
0 0.651367 0.408203 0.458984 0.035156
0 0.621094 0.470703 0.484375 0.031250
0 0.442383 0.533203 0.236328 0.042969
0 0.535156 0.643555 0.550781 0.126953
0 0.375977 0.726562 0.369141 0.132812
1 0.291992 0.750000 0.181641 0.085938
1 0.541016 0.699219 0.539062 0.144531
1 0.585938 0.601562 0.511719 0.093750
1 0.473633 0.513672 0.181641 0.035156
1 0.655273 0.456055 0.455078 0.029297
1 0.679688 0.399414 0.433594 0.037109
