0 0.679688 0.694336 0.640625 0.041016
0 0.753906 0.566406 0.492188 0.042969
0 0.768555 0.458008 0.462891 0.048828
0 0.784180 0.364258 0.431641 0.048828
0 0.796875 0.283203 0.406250 0.050781
0 0.806641 0.208984 0.386719 0.050781
0 0.816406 0.145508 0.367188 0.052734
0 0.826172 0.088867 0.347656 0.052734
0 0.833008 0.038086 0.333984 0.052734
1 0.758789 0.631836 0.482422 0.041016
1 0.773438 0.524414 0.453125 0.041016
1 0.788086 0.426758 0.423828 0.044922
1 0.798828 0.344727 0.402344 0.048828
1 0.811523 0.267578 0.376953 0.050781
1 0.686523 0.769531 0.626953 0.035156
0 0.720703 0.009766 0.082031 0.019531
