1 0.197266 0.674805 0.394531 0.103516
1 0.183594 0.614258 0.367188 0.087891
1 0.170898 0.556641 0.341797 0.066406
1 0.161133 0.507812 0.322266 0.054688
1 0.151367 0.463867 0.302734 0.044922
1 0.302734 0.732422 0.359375 0.121094
0 0.107422 0.264648 0.214844 0.033203
0 0.113281 0.284180 0.226562 0.033203
0 0.118164 0.307617 0.236328 0.029297
0 0.124023 0.333008 0.248047 0.025391
0 0.130859 0.361328 0.261719 0.023438
0 0.140625 0.392578 0.281250 0.031250
0 0.149414 0.428711 0.298828 0.037109
0 0.159180 0.468750 0.318359 0.046875
0 0.169922 0.514648 0.339844 0.060547
0 0.181641 0.571289 0.363281 0.076172
0 0.196289 0.633789 0.392578 0.099609
0 0.239258 0.700195 0.478516 0.138672
