0 0.342773 0.702148 0.685547 0.029297
0 0.318359 0.553711 0.636719 0.029297
0 0.295898 0.431641 0.591797 0.031250
0 0.283203 0.331055 0.566406 0.033203
0 0.263672 0.242188 0.527344 0.035156
0 0.250977 0.166992 0.501953 0.033203
0 0.240234 0.103516 0.480469 0.035156
0 0.233398 0.042969 0.466797 0.031250
1 0.335938 0.774414 0.671875 0.029297
1 0.315430 0.626953 0.630859 0.027344
1 0.295898 0.501953 0.591797 0.027344
1 0.277344 0.394531 0.554688 0.035156
1 0.263672 0.305664 0.527344 0.033203
1 0.250000 0.229492 0.500000 0.033203
