0 0.591797 0.831055 0.816406 0.037109
0 0.705078 0.660156 0.589844 0.039062
0 0.731445 0.523438 0.537109 0.039062
0 0.750977 0.414062 0.498047 0.046875
0 0.768555 0.317383 0.462891 0.044922
0 0.782227 0.239258 0.435547 0.044922
0 0.796875 0.168945 0.406250 0.044922
0 0.806641 0.111328 0.386719 0.050781
0 0.823242 0.053711 0.353516 0.044922
0 0.828125 0.013672 0.335938 0.027344
1 0.604492 0.916016 0.791016 0.039062
1 0.709961 0.737305 0.580078 0.037109
1 0.736328 0.600586 0.527344 0.041016
1 0.756836 0.483398 0.486328 0.041016
1 0.773438 0.385742 0.453125 0.041016
1 0.788086 0.301758 0.423828 0.044922
