0 0.979492 0.382812 0.041016 0.027344
0 0.957031 0.439453 0.085938 0.031250
0 0.933594 0.505859 0.132812 0.039062
0 0.904297 0.581055 0.191406 0.052734
0 0.870117 0.683594 0.259766 0.074219
0 0.826172 0.805664 0.347656 0.107422
0 0.714844 0.943359 0.343750 0.113281
1 0.824219 0.888672 0.351562 0.117188
1 0.866211 0.752930 0.267578 0.080078
1 0.901367 0.646484 0.197266 0.058594
1 0.928711 0.564453 0.142578 0.042969
1 0.957031 0.491211 0.085938 0.033203
1 0.977539 0.433594 0.044922 0.027344
1 0.577148 0.981445 0.087891 0.037109
