0 0.147461 0.015625 0.294922 0.031250
0 0.145508 0.043945 0.291016 0.037109
0 0.144531 0.073242 0.289062 0.033203
0 0.145508 0.105469 0.291016 0.035156
0 0.143555 0.141602 0.287109 0.033203
0 0.142578 0.178711 0.285156 0.033203
0 0.142578 0.224609 0.285156 0.031250
0 0.141602 0.273438 0.283203 0.027344
0 0.142578 0.328125 0.285156 0.027344
0 0.139648 0.394531 0.279297 0.023438
0 0.139648 0.470703 0.279297 0.023438
0 0.137695 0.562500 0.275391 0.023438
0 0.137695 0.667969 0.275391 0.027344
0 0.133789 0.793945 0.267578 0.029297
0 0.132812 0.953125 0.265625 0.039062
1 0.137695 0.874023 0.275391 0.033203
1 0.138672 0.738281 0.277344 0.027344
1 0.135742 0.630859 0.271484 0.027344
1 0.139648 0.532227 0.279297 0.025391
1 0.140625 0.451172 0.281250 0.023438
1 0.143555 0.381836 0.287109 0.025391
