0 0.442383 0.045898 0.474609 0.091797
0 0.340820 0.019531 0.173828 0.039062
0 0.500000 0.087891 0.687500 0.113281
0 0.463867 0.160156 0.720703 0.093750
0 0.423828 0.245117 0.761719 0.080078
0 0.389648 0.337891 0.779297 0.042969
0 0.375000 0.448242 0.750000 0.037109
0 0.105469 0.567383 0.210938 0.041016
0 0.327148 0.783203 0.654297 0.148438
0 0.098633 0.962891 0.197266 0.074219
1 0.327148 0.886719 0.654297 0.175781
1 0.354492 0.693359 0.708984 0.125000
1 0.108398 0.525391 0.216797 0.039062
1 0.391602 0.422852 0.783203 0.033203
1 0.431641 0.323242 0.753906 0.048828
