0 0.521484 0.714844 0.871094 0.085938
0 0.532227 0.591797 0.767578 0.066406
0 0.534180 0.496094 0.677734 0.054688
0 0.541992 0.421875 0.615234 0.046875
0 0.544922 0.363281 0.554688 0.042969
0 0.547852 0.317383 0.509766 0.041016
0 0.549805 0.277344 0.466797 0.039062
0 0.551758 0.246094 0.431641 0.035156
0 0.556641 0.220703 0.402344 0.027344
1 0.357422 0.761719 0.519531 0.062500
1 0.458008 0.645508 0.611328 0.060547
1 0.470703 0.548828 0.542969 0.050781
1 0.479492 0.469727 0.482422 0.044922
1 0.470703 0.406250 0.410156 0.039062
1 0.482422 0.353516 0.378906 0.035156
