0 0.489258 0.679688 0.685547 0.035156
0 0.482422 0.594727 0.601562 0.025391
0 0.474609 0.529297 0.539062 0.031250
0 0.467773 0.477539 0.486328 0.033203
0 0.463867 0.433594 0.443359 0.039062
0 0.458984 0.398438 0.406250 0.039062
0 0.455078 0.369141 0.378906 0.039062
0 0.453125 0.342773 0.351562 0.041016
0 0.449219 0.320312 0.332031 0.042969
0 0.447266 0.299805 0.312500 0.041016
0 0.446289 0.283203 0.294922 0.042969
1 0.487305 0.733398 0.681641 0.041016
1 0.479492 0.642578 0.603516 0.027344
1 0.472656 0.570312 0.535156 0.027344
1 0.467773 0.513672 0.486328 0.031250
1 0.462891 0.466797 0.441406 0.035156
1 0.458008 0.428711 0.408203 0.037109
