0 0.808594 0.012695 0.382812 0.025391
0 0.808594 0.041992 0.382812 0.033203
0 0.807617 0.083008 0.384766 0.029297
0 0.806641 0.126953 0.386719 0.027344
0 0.804688 0.177734 0.390625 0.027344
0 0.803711 0.234375 0.392578 0.023438
0 0.803711 0.299805 0.392578 0.025391
0 0.800781 0.376953 0.398438 0.027344
0 0.798828 0.466797 0.402344 0.031250
0 0.796875 0.573242 0.406250 0.037109
0 0.791016 0.705078 0.417969 0.042969
0 0.784180 0.869141 0.431641 0.054688
1 0.793945 0.968750 0.412109 0.058594
1 0.795898 0.797852 0.408203 0.048828
1 0.796875 0.654297 0.406250 0.042969
1 0.799805 0.539062 0.400391 0.035156
1 0.800781 0.446289 0.398438 0.033203
1 0.801758 0.363281 0.396484 0.027344
