0 0.500000 0.667969 1.000000 0.039062
0 0.500000 0.550781 1.000000 0.039062
0 0.500000 0.454102 1.000000 0.041016
0 0.500000 0.373047 1.000000 0.042969
0 0.500000 0.305664 1.000000 0.044922
0 0.500000 0.247070 1.000000 0.044922
0 0.500000 0.200195 1.000000 0.044922
0 0.500000 0.161133 1.000000 0.044922
1 0.500000 0.733398 1.000000 0.037109
1 0.500000 0.610352 1.000000 0.037109
1 0.500000 0.510742 1.000000 0.041016
1 0.500000 0.427734 1.000000 0.042969
1 0.500000 0.356445 1.000000 0.044922
1 0.500000 0.296875 1.000000 0.046875
