0 0.744141 0.704102 0.511719 0.029297
0 0.749023 0.558594 0.501953 0.031250
0 0.762695 0.435547 0.474609 0.031250
0 0.790039 0.333984 0.419922 0.031250
0 0.793945 0.247070 0.412109 0.033203
0 0.803711 0.171875 0.392578 0.031250
0 0.819336 0.108398 0.361328 0.033203
0 0.828125 0.046875 0.343750 0.031250
1 0.750977 0.776367 0.498047 0.029297
1 0.765625 0.628906 0.468750 0.027344
1 0.775391 0.502930 0.449219 0.025391
1 0.785156 0.398438 0.429688 0.035156
1 0.798828 0.310547 0.402344 0.031250
1 0.808594 0.234375 0.382812 0.031250
