0 0.382812 0.927734 0.507812 0.144531
0 0.605469 0.719727 0.789062 0.177734
0 0.632812 0.525391 0.734375 0.121094
0 0.665039 0.354492 0.669922 0.087891
0 0.682617 0.213867 0.634766 0.060547
0 0.705078 0.094727 0.589844 0.048828
1 0.712891 0.072266 0.574219 0.039062
1 0.696289 0.179688 0.607422 0.058594
1 0.677734 0.304688 0.644531 0.074219
1 0.494141 0.421875 0.355469 0.062500
1 0.829102 0.478516 0.341797 0.062500
1 0.475586 0.582031 0.416016 0.078125
1 0.853516 0.659180 0.292969 0.083984
1 0.388672 0.773438 0.242188 0.101562
1 0.611328 0.838867 0.250000 0.076172
1 0.859375 0.865234 0.281250 0.082031
