0 0.555664 0.614258 0.544922 0.029297
0 0.544922 0.531250 0.511719 0.031250
0 0.540039 0.461914 0.470703 0.029297
0 0.548828 0.405273 0.425781 0.029297
0 0.539062 0.355469 0.398438 0.031250
0 0.538086 0.313477 0.373047 0.029297
0 0.540039 0.277344 0.345703 0.031250
0 0.541992 0.243164 0.326172 0.029297
1 0.555664 0.654297 0.529297 0.027344
1 0.552734 0.572266 0.488281 0.027344
1 0.546875 0.500977 0.457031 0.025391
1 0.541992 0.441406 0.423828 0.031250
1 0.541016 0.390625 0.394531 0.031250
1 0.539062 0.348633 0.367188 0.029297
