0 0.346680 0.815430 0.693359 0.033203
0 0.303711 0.668945 0.607422 0.025391
0 0.267578 0.554688 0.535156 0.031250
0 0.238281 0.462891 0.476562 0.035156
0 0.215820 0.386719 0.431641 0.039062
0 0.195312 0.325195 0.390625 0.041016
0 0.180664 0.272461 0.361328 0.041016
0 0.165039 0.227539 0.330078 0.041016
0 0.154297 0.187500 0.308594 0.042969
0 0.143555 0.152344 0.287109 0.042969
0 0.133789 0.122070 0.267578 0.041016
1 0.343750 0.909180 0.687500 0.041016
1 0.300781 0.751953 0.601562 0.027344
1 0.264648 0.626953 0.529297 0.027344
1 0.238281 0.528320 0.476562 0.033203
1 0.214844 0.447266 0.429688 0.035156
1 0.195312 0.379883 0.390625 0.037109
