0 0.144531 0.255859 0.289062 0.046875
0 0.153320 0.277344 0.306641 0.046875
0 0.160156 0.302734 0.320312 0.039062
0 0.169922 0.331055 0.339844 0.037109
0 0.181641 0.362305 0.363281 0.029297
0 0.192383 0.396484 0.384766 0.027344
0 0.205078 0.437500 0.410156 0.039062
0 0.220703 0.484375 0.441406 0.054688
0 0.238281 0.543945 0.476562 0.076172
0 0.256836 0.613281 0.513672 0.105469
0 0.280273 0.698242 0.560547 0.146484
0 0.528320 0.736328 0.298828 0.113281
1 0.360352 0.726562 0.404297 0.132812
1 0.256836 0.656250 0.513672 0.117188
1 0.236328 0.584961 0.472656 0.083984
1 0.219727 0.523438 0.439453 0.062500
1 0.206055 0.472656 0.412109 0.046875
1 0.193359 0.428711 0.386719 0.033203
1 0.593750 0.757812 0.152344 0.070312
