0 0.845703 0.017578 0.308594 0.035156
0 0.837891 0.046875 0.324219 0.039062
0 0.829102 0.077148 0.341797 0.037109
0 0.820312 0.110352 0.359375 0.041016
0 0.810547 0.145508 0.378906 0.037109
0 0.798828 0.185547 0.402344 0.035156
0 0.784180 0.229492 0.431641 0.033203
0 0.770508 0.277344 0.451172 0.031250
0 0.747070 0.333008 0.482422 0.029297
0 0.723633 0.397461 0.509766 0.025391
0 0.696289 0.471680 0.541016 0.025391
0 0.678711 0.562500 0.607422 0.027344
0 0.652344 0.666016 0.667969 0.031250
0 0.619141 0.787109 0.738281 0.039062
0 0.578125 0.933594 0.828125 0.066406
1 0.625000 0.864258 0.734375 0.052734
1 0.657227 0.737305 0.662109 0.033203
1 0.685547 0.626953 0.601562 0.031250
1 0.708984 0.532227 0.550781 0.029297
1 0.723633 0.454102 0.490234 0.029297
1 0.749023 0.384766 0.466797 0.023438
