0 0.500000 0.820312 1.000000 0.039062
0 0.477539 0.648438 0.955078 0.046875
0 0.434570 0.511719 0.869141 0.046875
0 0.404297 0.396484 0.808594 0.062500
0 0.379883 0.301758 0.759766 0.060547
0 0.354492 0.222656 0.708984 0.058594
0 0.333984 0.154297 0.667969 0.058594
0 0.312500 0.094727 0.625000 0.064453
0 0.294922 0.039062 0.589844 0.058594
0 0.122070 0.010742 0.244141 0.021484
1 0.500000 0.902344 1.000000 0.039062
1 0.470703 0.722656 0.941406 0.046875
1 0.434570 0.585938 0.869141 0.050781
1 0.403320 0.467773 0.806641 0.052734
1 0.377930 0.368164 0.755859 0.056641
1 0.352539 0.284180 0.705078 0.060547
