0 0.500000 0.708008 1.000000 0.205078
0 0.500000 0.570312 1.000000 0.136719
0 0.500000 0.450195 1.000000 0.076172
0 0.500000 0.348633 1.000000 0.025391
0 0.500000 0.263672 1.000000 0.062500
0 0.500000 0.188477 1.000000 0.099609
0 0.507812 0.119141 0.984375 0.128906
0 0.511719 0.066406 0.875000 0.132812
1 0.500000 0.320312 1.000000 0.035156
1 0.500000 0.417969 1.000000 0.062500
1 0.500000 0.523438 1.000000 0.117188
1 0.500000 0.651367 1.000000 0.173828
1 0.500000 0.244141 1.000000 0.070312
1 0.507812 0.172852 0.984375 0.103516
1 0.539062 0.108398 0.921875 0.126953
1 0.500000 0.796875 1.000000 0.250000
