0 0.714844 0.288086 0.398438 0.072266
0 0.945312 0.305664 0.109375 0.037109
0 0.635742 0.366211 0.369141 0.130859
0 0.898438 0.410156 0.203125 0.042969
0 0.551758 0.449219 0.341797 0.203125
0 0.849609 0.530273 0.300781 0.041016
0 0.452148 0.541992 0.283203 0.291016
0 0.786133 0.673828 0.427734 0.031250
1 0.466797 0.583984 0.300781 0.335938
1 0.796875 0.740234 0.406250 0.023438
1 0.557617 0.491211 0.349609 0.236328
1 0.854492 0.591797 0.291016 0.035156
1 0.642578 0.409180 0.378906 0.158203
1 0.904297 0.467773 0.191406 0.037109
1 0.717773 0.329102 0.404297 0.099609
1 0.948242 0.362305 0.103516 0.033203
