0 0.750977 0.918945 0.318359 0.162109
0 0.356445 0.768555 0.712891 0.255859
0 0.279297 0.545898 0.558594 0.146484
0 0.210938 0.386719 0.421875 0.085938
0 0.154297 0.262695 0.308594 0.052734
0 0.079102 0.075195 0.158203 0.025391
1 0.838867 0.970703 0.115234 0.058594
1 0.355469 0.864258 0.699219 0.271484
1 0.274414 0.648438 0.548828 0.167969
1 0.207031 0.478516 0.414062 0.101562
1 0.149414 0.349609 0.298828 0.062500
1 0.110352 0.244141 0.220703 0.042969
1 0.078125 0.152344 0.156250 0.031250
0 0.118164 0.157227 0.236328 0.037109
0 0.044922 0.007812 0.089844 0.015625
