0 0.892578 0.323242 0.214844 0.064453
0 0.773438 0.462891 0.453125 0.156250
0 0.654297 0.648438 0.691406 0.332031
0 0.212891 0.175781 0.339844 0.085938
0 0.173828 0.274414 0.347656 0.123047
0 0.150391 0.415039 0.300781 0.154297
1 0.895508 0.398438 0.208984 0.070312
1 0.777344 0.548828 0.445312 0.175781
1 0.669922 0.755859 0.660156 0.351562
0 0.440430 0.446289 0.255859 0.111328
0 0.642578 0.352539 0.714844 0.279297
0 0.536133 0.272461 0.412109 0.126953
0 0.546875 0.170898 0.359375 0.095703
0 0.211914 0.120117 0.330078 0.072266
1 0.225586 0.227539 0.337891 0.095703
1 0.180664 0.331055 0.361328 0.146484
1 0.158203 0.486328 0.316406 0.183594
