1 0.082031 0.105469 0.164062 0.035156
1 0.086914 0.189453 0.173828 0.035156
1 0.092773 0.289062 0.185547 0.035156
1 0.103516 0.407227 0.207031 0.033203
1 0.110352 0.547852 0.220703 0.029297
1 0.124023 0.718750 0.248047 0.023438
1 0.139648 0.927734 0.279297 0.027344
0 0.087891 0.030273 0.175781 0.037109
0 0.089844 0.114258 0.179688 0.037109
0 0.097656 0.207031 0.195312 0.035156
0 0.107422 0.321289 0.214844 0.033203
0 0.115234 0.459961 0.230469 0.033203
0 0.129883 0.626953 0.259766 0.027344
0 0.148438 0.845703 0.296875 0.023438
