0 0.475586 0.304688 0.533203 0.031250
0 0.476562 0.327148 0.570312 0.029297
0 0.477539 0.350586 0.623047 0.029297
0 0.476562 0.379883 0.679688 0.029297
0 0.479492 0.416992 0.748047 0.025391
0 0.481445 0.460938 0.830078 0.023438
0 0.482422 0.519531 0.933594 0.031250
0 0.500000 0.590820 1.000000 0.037109
0 0.500000 0.687500 1.000000 0.046875
1 0.500000 0.750977 1.000000 0.048828
1 0.500000 0.645508 1.000000 0.041016
1 0.479492 0.567383 0.919922 0.033203
1 0.480469 0.504883 0.820312 0.029297
1 0.479492 0.455078 0.740234 0.023438
