0 0.569336 0.858398 0.861328 0.083984
0 0.624023 0.645508 0.751953 0.064453
0 0.665039 0.482422 0.669922 0.054688
0 0.700195 0.353516 0.599609 0.046875
0 0.729492 0.249023 0.541016 0.041016
0 0.751953 0.168945 0.496094 0.041016
0 0.773438 0.098633 0.453125 0.037109
0 0.790039 0.042969 0.419922 0.035156
0 0.808594 0.007812 0.382812 0.015625
1 0.578125 0.958984 0.843750 0.082031
1 0.626953 0.749023 0.746094 0.068359
1 0.668945 0.579102 0.662109 0.056641
1 0.703125 0.441406 0.593750 0.050781
1 0.729492 0.329102 0.541016 0.044922
1 0.752930 0.236328 0.494141 0.039062
