1 0.382812 0.270508 0.304688 0.044922
1 0.374023 0.317383 0.333984 0.044922
1 0.367188 0.375000 0.359375 0.042969
1 0.359375 0.441406 0.398438 0.039062
1 0.347656 0.522461 0.437500 0.033203
1 0.335938 0.624023 0.492188 0.025391
1 0.327148 0.741211 0.576172 0.025391
0 0.381836 0.229492 0.318359 0.044922
0 0.372070 0.274414 0.341797 0.048828
0 0.368164 0.327148 0.369141 0.044922
0 0.360352 0.393555 0.404297 0.041016
0 0.349609 0.472656 0.445312 0.039062
0 0.336914 0.569336 0.501953 0.029297
0 0.323242 0.695312 0.572266 0.027344
