0 0.525391 0.244141 0.316406 0.035156
0 0.525391 0.262695 0.332031 0.037109
0 0.528320 0.282227 0.345703 0.037109
0 0.529297 0.304688 0.363281 0.035156
0 0.531250 0.331055 0.382812 0.037109
0 0.533203 0.360352 0.410156 0.037109
0 0.535156 0.391602 0.437500 0.037109
0 0.537109 0.430664 0.464844 0.037109
0 0.540039 0.473633 0.498047 0.037109
0 0.544922 0.523438 0.535156 0.039062
0 0.547852 0.582031 0.583984 0.035156
0 0.555664 0.649414 0.767578 0.044922
1 0.555664 0.696289 0.763672 0.041016
1 0.549805 0.620117 0.580078 0.037109
1 0.545898 0.561523 0.537109 0.037109
1 0.541016 0.508789 0.496094 0.037109
1 0.538086 0.463867 0.462891 0.037109
1 0.536133 0.424805 0.431641 0.037109
