1 0.500000 0.353516 1.000000 0.066406
1 0.500000 0.400391 1.000000 0.105469
1 0.500000 0.459961 1.000000 0.154297
1 0.500000 0.540039 1.000000 0.216797
1 0.527344 0.644531 0.945312 0.296875
1 0.791992 0.694336 0.416016 0.197266
1 0.968750 0.767578 0.062500 0.050781
0 0.500000 0.316406 1.000000 0.039062
0 0.500000 0.361328 1.000000 0.074219
0 0.500000 0.416016 1.000000 0.121094
0 0.500000 0.492188 1.000000 0.179688
0 0.500000 0.594727 1.000000 0.263672
0 0.701172 0.673828 0.597656 0.238281
0 0.934570 0.747070 0.130859 0.091797
0 0.500000 0.280273 1.000000 0.037109
0 0.500000 0.249023 1.000000 0.060547
