0 0.730469 0.815430 0.539062 0.177734
0 0.784180 0.649414 0.431641 0.119141
0 0.829102 0.518555 0.341797 0.080078
0 0.868164 0.409180 0.263672 0.056641
0 0.900391 0.318359 0.199219 0.042969
0 0.928711 0.240234 0.142578 0.031250
0 0.953125 0.175781 0.093750 0.027344
0 0.976562 0.118164 0.046875 0.025391
1 0.731445 0.903320 0.537109 0.193359
1 0.785156 0.732422 0.429688 0.132812
1 0.830078 0.593750 0.339844 0.089844
1 0.868164 0.480469 0.263672 0.062500
1 0.900391 0.384766 0.199219 0.046875
1 0.928711 0.302734 0.142578 0.035156
1 0.953125 0.232422 0.093750 0.027344
1 0.974609 0.172852 0.050781 0.025391
