0 0.370117 0.728516 0.740234 0.300781
0 0.323242 0.600586 0.646484 0.181641
0 0.278320 0.506836 0.556641 0.107422
0 0.241211 0.429688 0.482422 0.062500
0 0.205078 0.369141 0.410156 0.035156
0 0.169922 0.311523 0.339844 0.029297
0 0.138672 0.265625 0.277344 0.039062
0 0.111328 0.220703 0.222656 0.042969
0 0.085938 0.184570 0.171875 0.041016
1 0.367188 0.801758 0.734375 0.353516
1 0.321289 0.665039 0.642578 0.220703
1 0.278320 0.561523 0.556641 0.134766
1 0.238281 0.478516 0.476562 0.082031
1 0.201172 0.414062 0.402344 0.050781
1 0.166992 0.358398 0.333984 0.029297
0 0.535156 0.822266 0.621094 0.355469
1 0.631836 0.864258 0.380859 0.271484
