1 0.221680 0.457031 0.326172 0.039062
1 0.236328 0.507812 0.347656 0.054688
1 0.256836 0.567383 0.373047 0.068359
1 0.276367 0.643555 0.404297 0.091797
1 0.329102 0.732422 0.400391 0.121094
0 0.182617 0.309570 0.279297 0.037109
0 0.194336 0.339844 0.291016 0.031250
0 0.206055 0.375977 0.310547 0.025391
0 0.217773 0.414062 0.326172 0.031250
0 0.234375 0.463867 0.351562 0.041016
0 0.254883 0.519531 0.376953 0.058594
0 0.274414 0.591797 0.408203 0.082031
0 0.293945 0.679688 0.466797 0.117188
0 0.481445 0.750977 0.208984 0.083984
