0 0.500000 0.847656 1.000000 0.078125
0 0.532227 0.634766 0.935547 0.082031
0 0.599609 0.496094 0.800781 0.078125
0 0.647461 0.395508 0.705078 0.072266
0 0.681641 0.322266 0.636719 0.070312
0 0.708008 0.265625 0.583984 0.066406
0 0.731445 0.214844 0.537109 0.062500
0 0.750977 0.177734 0.498047 0.058594
0 0.766602 0.144531 0.466797 0.058594
0 0.779297 0.117188 0.441406 0.058594
0 0.789062 0.091797 0.421875 0.058594
0 0.798828 0.075195 0.402344 0.056641
1 0.528320 0.767578 0.943359 0.074219
1 0.591797 0.604492 0.816406 0.072266
1 0.642578 0.489258 0.714844 0.072266
