1 0.135742 0.352539 0.271484 0.048828
1 0.148438 0.402344 0.296875 0.058594
1 0.163086 0.457031 0.326172 0.074219
1 0.179688 0.522461 0.359375 0.091797
1 0.198242 0.598633 0.396484 0.123047
1 0.219727 0.690430 0.439453 0.158203
1 0.386719 0.744141 0.203125 0.097656
0 0.123047 0.271484 0.246094 0.035156
0 0.132812 0.311523 0.265625 0.041016
0 0.146484 0.360352 0.292969 0.052734
0 0.160156 0.414062 0.320312 0.062500
0 0.177734 0.476562 0.355469 0.082031
0 0.194336 0.549805 0.388672 0.103516
0 0.216797 0.637695 0.433594 0.146484
0 0.306641 0.719727 0.355469 0.146484
