0 0.622070 0.237305 0.228516 0.041016
0 0.611328 0.263672 0.242188 0.042969
0 0.598633 0.295898 0.259766 0.044922
0 0.582031 0.330078 0.277344 0.050781
0 0.567383 0.371094 0.294922 0.054688
0 0.544922 0.420898 0.316406 0.064453
0 0.520508 0.478516 0.345703 0.074219
0 0.502930 0.552734 0.404297 0.097656
0 0.464844 0.644531 0.453125 0.121094
0 0.328125 0.739258 0.320312 0.107422
1 0.242188 0.760742 0.140625 0.064453
1 0.460938 0.700195 0.445312 0.123047
1 0.495117 0.602539 0.400391 0.107422
1 0.526367 0.525391 0.365234 0.085938
1 0.538086 0.462891 0.314453 0.070312
1 0.560547 0.412109 0.285156 0.058594
