0 0.500000 0.677734 1.000000 0.050781
0 0.407227 0.550781 0.814453 0.054688
0 0.381836 0.440430 0.763672 0.064453
0 0.362305 0.344727 0.724609 0.064453
0 0.344727 0.262695 0.689453 0.072266
0 0.331055 0.188477 0.662109 0.072266
0 0.314453 0.125000 0.628906 0.074219
0 0.299805 0.070312 0.599609 0.074219
0 0.259766 0.029297 0.519531 0.058594
1 0.404297 0.618164 0.808594 0.052734
1 0.380859 0.510742 0.761719 0.052734
1 0.361328 0.411133 0.722656 0.056641
1 0.345703 0.327148 0.691406 0.064453
1 0.329102 0.250977 0.658203 0.068359
1 0.498047 0.758789 0.996094 0.041016
