1 0.393555 0.422852 0.560547 0.052734
1 0.421875 0.514648 0.601562 0.076172
1 0.457031 0.620117 0.644531 0.103516
1 0.491211 0.754883 0.701172 0.146484
1 0.584961 0.907227 0.693359 0.185547
0 0.326172 0.160156 0.476562 0.046875
0 0.344727 0.215820 0.498047 0.041016
0 0.366211 0.279297 0.537109 0.027344
0 0.388672 0.347656 0.562500 0.035156
0 0.416992 0.436523 0.603516 0.052734
0 0.453125 0.535156 0.652344 0.085938
0 0.489258 0.662109 0.705078 0.128906
0 0.523438 0.820312 0.812500 0.191406
0 0.839844 0.943359 0.320312 0.113281
