0 0.500000 0.597656 1.000000 0.039062
0 0.500000 0.532227 1.000000 0.041016
0 0.500000 0.478516 1.000000 0.042969
0 0.500000 0.432617 1.000000 0.044922
0 0.500000 0.395508 1.000000 0.044922
0 0.500000 0.362305 1.000000 0.044922
0 0.500000 0.335938 1.000000 0.046875
0 0.500000 0.313477 1.000000 0.044922
1 0.500000 0.632812 1.000000 0.039062
1 0.500000 0.564453 1.000000 0.039062
1 0.500000 0.508789 1.000000 0.041016
1 0.500000 0.461914 1.000000 0.041016
1 0.500000 0.422852 1.000000 0.041016
1 0.500000 0.388672 1.000000 0.042969
