0 0.544922 0.666016 0.628906 0.253906
0 0.403320 0.611328 0.806641 0.222656
0 0.377930 0.538086 0.755859 0.138672
0 0.357422 0.478516 0.714844 0.082031
0 0.335938 0.432617 0.671875 0.044922
0 0.316406 0.390625 0.632812 0.031250
0 0.298828 0.357422 0.597656 0.054688
0 0.284180 0.324219 0.568359 0.070312
0 0.269531 0.299805 0.539062 0.080078
1 0.621094 0.678711 0.468750 0.228516
1 0.402344 0.659180 0.804688 0.267578
1 0.377930 0.580078 0.755859 0.175781
1 0.355469 0.515625 0.710938 0.113281
1 0.333984 0.465820 0.667969 0.068359
1 0.315430 0.425781 0.630859 0.039062
0 0.738281 0.684570 0.359375 0.216797
1 0.791992 0.708008 0.224609 0.169922
