0 0.214844 0.044922 0.429688 0.039062
0 0.221680 0.076172 0.443359 0.042969
0 0.230469 0.109375 0.460938 0.042969
0 0.239258 0.151367 0.478516 0.041016
0 0.250000 0.197266 0.500000 0.042969
0 0.262695 0.249023 0.525391 0.041016
0 0.276367 0.306641 0.552734 0.042969
0 0.290039 0.373047 0.580078 0.039062
0 0.308594 0.449219 0.617188 0.039062
0 0.330078 0.538086 0.660156 0.041016
0 0.353516 0.642578 0.707031 0.039062
0 0.442383 0.760742 0.884766 0.044922
1 0.440430 0.845703 0.880859 0.042969
1 0.352539 0.710938 0.705078 0.039062
1 0.330078 0.607422 0.660156 0.039062
1 0.307617 0.511719 0.615234 0.039062
1 0.291016 0.432617 0.582031 0.041016
1 0.275391 0.363281 0.550781 0.039062
