0 0.966797 0.130859 0.066406 0.031250
0 0.940430 0.192383 0.119141 0.033203
0 0.910156 0.266602 0.179688 0.037109
0 0.880859 0.346680 0.238281 0.033203
0 0.840820 0.443359 0.318359 0.027344
0 0.786133 0.559570 0.404297 0.056641
0 0.736328 0.713867 0.527344 0.123047
0 0.666016 0.897461 0.628906 0.205078
1 0.520508 0.939453 0.306641 0.121094
1 0.746094 0.804688 0.507812 0.140625
1 0.798828 0.646484 0.402344 0.078125
1 0.843750 0.523438 0.304688 0.042969
1 0.885742 0.417969 0.228516 0.023438
1 0.916992 0.333008 0.166016 0.029297
