0 0.772461 0.238281 0.455078 0.070312
0 0.739258 0.396484 0.521484 0.085938
0 0.692383 0.594727 0.615234 0.115234
0 0.637695 0.852539 0.724609 0.162109
0 0.282227 0.217773 0.564453 0.103516
0 0.245117 0.368164 0.490234 0.150391
0 0.201172 0.561523 0.402344 0.177734
0 0.145508 0.833984 0.291016 0.195312
1 0.288086 0.296875 0.576172 0.136719
1 0.776367 0.328125 0.447266 0.074219
1 0.254883 0.449219 0.509766 0.171875
1 0.744141 0.490234 0.511719 0.093750
1 0.213867 0.648438 0.427734 0.207031
1 0.703125 0.694336 0.593750 0.123047
1 0.142578 0.902344 0.285156 0.195312
1 0.736328 0.935547 0.527344 0.128906
