0 0.906250 0.943359 0.187500 0.113281
0 0.627930 0.809570 0.744141 0.380859
0 0.438477 0.731445 0.876953 0.416016
0 0.395508 0.628906 0.791016 0.359375
0 0.353516 0.555664 0.707031 0.306641
0 0.317383 0.506836 0.634766 0.267578
0 0.298828 0.465820 0.597656 0.244141
0 0.273438 0.435547 0.546875 0.226562
0 0.251953 0.404297 0.503906 0.203125
0 0.799805 0.301758 0.314453 0.138672
0 0.863281 0.394531 0.273438 0.136719
0 0.923828 0.493164 0.152344 0.087891
0 0.984375 0.597656 0.031250 0.035156
1 0.816406 0.331055 0.332031 0.150391
1 0.892578 0.414062 0.214844 0.113281
1 0.943359 0.515625 0.113281 0.074219
