0 0.261719 0.905273 0.523438 0.189453
0 0.500000 0.713867 1.000000 0.251953
0 0.500000 0.520508 1.000000 0.173828
0 0.500000 0.372070 1.000000 0.111328
0 0.500000 0.256836 1.000000 0.064453
0 0.500000 0.163086 1.000000 0.025391
0 0.500000 0.093750 1.000000 0.050781
0 0.500000 0.036133 1.000000 0.072266
1 0.130859 0.945312 0.261719 0.109375
1 0.500000 0.807617 1.000000 0.291016
1 0.500000 0.602539 1.000000 0.205078
1 0.500000 0.449219 1.000000 0.140625
1 0.500000 0.328125 1.000000 0.089844
1 0.500000 0.231445 1.000000 0.052734
1 0.500000 0.152344 1.000000 0.027344
