0 0.866211 0.943359 0.267578 0.113281
0 0.500000 0.791016 1.000000 0.292969
0 0.500000 0.564453 1.000000 0.199219
0 0.472656 0.396484 0.945312 0.128906
0 0.433594 0.260742 0.867188 0.068359
0 0.399414 0.152344 0.798828 0.035156
0 0.369141 0.056641 0.738281 0.039062
1 0.585938 0.864258 0.828125 0.271484
1 0.500000 0.668945 1.000000 0.248047
1 0.471680 0.497070 0.943359 0.162109
1 0.433594 0.355469 0.867188 0.097656
1 0.400391 0.238281 0.800781 0.062500
1 0.373047 0.139648 0.746094 0.029297
1 0.974609 0.985352 0.050781 0.029297
