0 0.220703 0.676758 0.441406 0.193359
0 0.177734 0.564453 0.355469 0.140625
0 0.146484 0.485352 0.292969 0.103516
0 0.126953 0.432617 0.253906 0.087891
0 0.106445 0.392578 0.212891 0.074219
0 0.096680 0.359375 0.193359 0.062500
0 0.085938 0.333008 0.171875 0.052734
0 0.065430 0.280273 0.130859 0.041016
0 0.079102 0.313477 0.158203 0.048828
0 0.070312 0.294922 0.140625 0.042969
0 0.864258 0.561523 0.271484 0.166016
0 0.794922 0.357422 0.292969 0.105469
1 0.808594 0.404297 0.382812 0.152344
1 0.763672 0.642578 0.472656 0.300781
1 0.671875 0.241211 0.265625 0.068359
