0 0.331055 0.676758 0.662109 0.193359
0 0.349609 0.491211 0.699219 0.166016
0 0.361328 0.348633 0.722656 0.142578
0 0.372070 0.243164 0.744141 0.126953
0 0.382812 0.158203 0.765625 0.109375
0 0.389648 0.086914 0.779297 0.091797
0 0.395508 0.034180 0.787109 0.068359
1 0.293945 0.891602 0.587891 0.216797
1 0.339844 0.552734 0.679688 0.175781
1 0.356445 0.407227 0.712891 0.154297
1 0.364258 0.293945 0.728516 0.134766
1 0.376953 0.202148 0.753906 0.119141
1 0.384766 0.129883 0.769531 0.103516
1 0.391602 0.068359 0.783203 0.093750
1 0.475586 0.027344 0.642578 0.054688
