0 0.865234 0.903320 0.269531 0.193359
0 0.653320 0.804688 0.693359 0.390625
0 0.191406 0.896484 0.382812 0.191406
0 0.681641 0.655273 0.636719 0.333984
0 0.264648 0.734375 0.529297 0.234375
0 0.752930 0.516602 0.494141 0.236328
0 0.314453 0.623047 0.628906 0.253906
0 0.790039 0.434570 0.365234 0.162109
0 0.447266 0.502930 0.894531 0.341797
1 0.930664 0.948242 0.138672 0.103516
1 0.739258 0.837891 0.521484 0.324219
1 0.568359 0.770508 0.863281 0.458984
1 0.500000 0.683594 1.000000 0.480469
1 0.318359 0.670898 0.636719 0.271484
1 0.801758 0.469727 0.369141 0.177734
1 0.451172 0.542969 0.902344 0.359375
