0 0.278320 0.836914 0.556641 0.025391
0 0.776367 0.842773 0.447266 0.029297
0 0.500000 0.578125 1.000000 0.031250
0 0.500000 0.398438 1.000000 0.031250
0 0.500000 0.263672 1.000000 0.035156
0 0.500000 0.164062 1.000000 0.031250
0 0.500000 0.082031 1.000000 0.027344
0 0.500000 0.017578 1.000000 0.031250
1 0.272461 0.917969 0.544922 0.035156
1 0.779297 0.929688 0.441406 0.027344
1 0.500000 0.661133 1.000000 0.025391
1 0.500000 0.462891 1.000000 0.039062
1 0.500000 0.325195 1.000000 0.033203
1 0.500000 0.218750 1.000000 0.031250
1 0.500000 0.133789 1.000000 0.029297
1 0.500000 0.066406 1.000000 0.023438
