0 0.568359 0.804688 0.863281 0.390625
0 0.500000 0.572266 1.000000 0.312500
0 0.444336 0.415039 0.888672 0.201172
0 0.383789 0.298828 0.767578 0.125000
0 0.330078 0.210938 0.660156 0.082031
0 0.282227 0.135742 0.564453 0.056641
0 0.240234 0.073242 0.480469 0.037109
0 0.204102 0.023438 0.408203 0.023438
1 0.833008 0.902344 0.333984 0.195312
1 0.500000 0.634766 1.000000 0.343750
1 0.440430 0.467773 0.880859 0.220703
1 0.376953 0.349609 0.753906 0.140625
1 0.326172 0.252930 0.652344 0.091797
1 0.282227 0.176758 0.564453 0.060547
1 0.239258 0.113281 0.478516 0.042969
1 0.203125 0.058594 0.406250 0.031250
1 0.170898 0.014648 0.341797 0.025391
