0 0.159180 0.689453 0.318359 0.023438
0 0.652344 0.690430 0.695312 0.029297
0 0.500000 0.545898 1.000000 0.033203
0 0.500000 0.445312 1.000000 0.031250
0 0.500000 0.369141 1.000000 0.035156
0 0.500000 0.313477 1.000000 0.033203
0 0.500000 0.265625 1.000000 0.027344
0 0.408203 0.228516 0.816406 0.027344
0 0.897461 0.226562 0.205078 0.027344
1 0.155273 0.735352 0.310547 0.029297
1 0.654297 0.739258 0.691406 0.029297
1 0.500000 0.590820 1.000000 0.025391
1 0.500000 0.483398 1.000000 0.033203
1 0.500000 0.405273 1.000000 0.033203
1 0.500000 0.343750 1.000000 0.031250
1 0.500000 0.295898 1.000000 0.029297
1 0.500000 0.256836 1.000000 0.025391
