0 0.500000 0.553711 1.000000 0.029297
0 0.500000 0.469727 1.000000 0.025391
0 0.500000 0.404297 1.000000 0.023438
0 0.500000 0.353516 1.000000 0.027344
0 0.500000 0.309570 1.000000 0.029297
0 0.500000 0.272461 1.000000 0.033203
0 0.500000 0.242188 1.000000 0.035156
1 0.500000 0.583008 1.000000 0.033203
1 0.500000 0.498047 1.000000 0.027344
1 0.500000 0.432617 1.000000 0.025391
1 0.500000 0.378906 1.000000 0.023438
1 0.500000 0.333984 1.000000 0.027344
1 0.500000 0.296875 1.000000 0.031250
1 0.500000 0.264648 1.000000 0.033203
1 0.500000 0.237305 1.000000 0.037109
