0 0.181641 0.652344 0.363281 0.035156
0 0.614258 0.668945 0.521484 0.037109
0 0.935547 0.670898 0.128906 0.025391
0 0.306641 0.500977 0.613281 0.029297
0 0.801758 0.501953 0.396484 0.031250
0 0.390625 0.375977 0.781250 0.025391
0 0.884766 0.372070 0.230469 0.025391
0 0.302734 0.288086 0.605469 0.025391
0 0.794922 0.284180 0.410156 0.025391
0 0.132812 0.220703 0.265625 0.027344
1 0.500000 0.706055 1.000000 0.048828
1 0.307617 0.541992 0.615234 0.029297
1 0.801758 0.541992 0.396484 0.029297
1 0.389648 0.416016 0.779297 0.027344
1 0.881836 0.414062 0.236328 0.023438
1 0.500000 0.325195 1.000000 0.025391
1 0.490234 0.254883 0.980469 0.025391
