0 0.384766 0.803711 0.769531 0.041016
0 0.889648 0.804688 0.220703 0.027344
0 0.152344 0.506836 0.304688 0.025391
0 0.652344 0.504883 0.695312 0.037109
0 0.300781 0.281250 0.601562 0.027344
0 0.799805 0.274414 0.400391 0.025391
0 0.144531 0.121094 0.289062 0.023438
0 0.640625 0.116211 0.718750 0.025391
1 0.500000 0.876953 1.000000 0.046875
1 0.153320 0.578125 0.306641 0.027344
1 0.652344 0.574219 0.695312 0.035156
1 0.298828 0.351562 0.597656 0.027344
1 0.793945 0.347656 0.412109 0.023438
1 0.500000 0.190430 1.000000 0.025391
1 0.478516 0.062500 0.957031 0.023438
