0 0.278320 0.752930 0.556641 0.044922
0 0.259766 0.600586 0.519531 0.044922
0 0.249023 0.462891 0.498047 0.039062
0 0.235352 0.345703 0.470703 0.035156
0 0.224609 0.248047 0.449219 0.031250
0 0.215820 0.159180 0.431641 0.033203
0 0.209961 0.079102 0.419922 0.029297
0 0.200195 0.009766 0.400391 0.019531
1 0.274414 0.816406 0.548828 0.035156
1 0.255859 0.674805 0.511719 0.037109
1 0.241211 0.535156 0.482422 0.039062
1 0.231445 0.417969 0.462891 0.039062
1 0.221680 0.311523 0.443359 0.033203
1 0.211914 0.219727 0.423828 0.033203
1 0.206055 0.139648 0.412109 0.029297
1 0.200195 0.065430 0.396484 0.025391
