0 0.030273 0.759766 0.060547 0.066406
0 0.295898 0.618164 0.591797 0.349609
0 0.500000 0.518555 1.000000 0.404297
0 0.500000 0.389648 1.000000 0.298828
0 0.538086 0.312500 0.923828 0.210938
0 0.665039 0.269531 0.669922 0.125000
0 0.837891 0.239258 0.324219 0.064453
1 0.250977 0.633789 0.501953 0.318359
1 0.500000 0.561523 1.000000 0.439453
1 0.500000 0.429688 1.000000 0.332031
1 0.500000 0.337891 1.000000 0.257812
1 0.596680 0.291016 0.806641 0.167969
1 0.726562 0.257812 0.546875 0.101562
1 0.875000 0.232422 0.250000 0.050781
