0 0.562500 0.641602 0.386719 0.037109
0 0.562500 0.555664 0.343750 0.037109
0 0.561523 0.478516 0.322266 0.031250
0 0.556641 0.413086 0.300781 0.029297
0 0.554688 0.357422 0.281250 0.027344
0 0.555664 0.307617 0.259766 0.029297
0 0.552734 0.263672 0.250000 0.027344
0 0.549805 0.221680 0.236328 0.025391
1 0.560547 0.677734 0.378906 0.031250
1 0.562500 0.597656 0.335938 0.031250
1 0.557617 0.518555 0.314453 0.033203
1 0.555664 0.453125 0.294922 0.031250
1 0.553711 0.393555 0.275391 0.029297
1 0.552734 0.341797 0.257812 0.027344
1 0.551758 0.296875 0.244141 0.027344
1 0.549805 0.254883 0.232422 0.025391
