0 0.500000 0.598633 1.000000 0.029297
0 0.500000 0.448242 1.000000 0.025391
0 0.500000 0.333008 1.000000 0.025391
0 0.500000 0.238281 1.000000 0.027344
0 0.500000 0.159180 1.000000 0.029297
0 0.500000 0.092773 1.000000 0.033203
0 0.500000 0.038086 1.000000 0.033203
1 0.500000 0.652344 1.000000 0.035156
1 0.500000 0.498047 1.000000 0.027344
1 0.500000 0.379883 1.000000 0.025391
1 0.500000 0.284180 1.000000 0.025391
1 0.500000 0.203125 1.000000 0.027344
1 0.500000 0.135742 1.000000 0.029297
1 0.500000 0.077148 1.000000 0.033203
1 0.500000 0.029297 1.000000 0.035156
