1 0.389648 0.088867 0.779297 0.099609
1 0.420898 0.167969 0.841797 0.082031
1 0.463867 0.266602 0.927734 0.048828
1 0.500000 0.393555 1.000000 0.052734
1 0.500000 0.567383 1.000000 0.138672
1 0.500000 0.820312 1.000000 0.250000
0 0.899414 0.958008 0.201172 0.083984
0 0.500000 0.711914 1.000000 0.205078
0 0.500000 0.470703 1.000000 0.089844
0 0.500000 0.311523 1.000000 0.029297
0 0.471680 0.196289 0.943359 0.076172
0 0.428711 0.102539 0.857422 0.103516
0 0.482422 0.041992 0.597656 0.083984
0 0.660156 0.014648 0.125000 0.029297
