1 0.221680 0.267578 0.443359 0.066406
1 0.239258 0.312500 0.478516 0.054688
1 0.263672 0.368164 0.527344 0.037109
1 0.291992 0.440430 0.583984 0.041016
1 0.327148 0.533203 0.654297 0.097656
1 0.369141 0.662109 0.738281 0.187500
1 0.713867 0.730469 0.263672 0.125000
0 0.650391 0.708984 0.414062 0.167969
0 0.374023 0.603516 0.748047 0.156250
0 0.330078 0.480469 0.660156 0.066406
0 0.296875 0.393555 0.593750 0.025391
0 0.267578 0.329102 0.535156 0.052734
0 0.244141 0.276367 0.488281 0.068359
0 0.271484 0.238281 0.347656 0.062500
0 0.371094 0.223633 0.082031 0.033203
0 0.977539 0.773438 0.044922 0.039062
