0 0.233398 0.393555 0.466797 0.166016
0 0.721680 0.396484 0.556641 0.171875
0 0.234375 0.507812 0.468750 0.214844
0 0.722656 0.518555 0.554688 0.236328
0 0.183594 0.681641 0.367188 0.222656
0 0.402344 0.552734 0.117188 0.078125
0 0.491211 0.544922 0.107422 0.066406
0 0.728516 0.676758 0.410156 0.232422
1 0.234375 0.440430 0.468750 0.185547
1 0.722656 0.445312 0.554688 0.195312
1 0.234375 0.555664 0.468750 0.236328
1 0.722656 0.566406 0.554688 0.257812
1 0.235352 0.703125 0.275391 0.179688
1 0.408203 0.595703 0.113281 0.078125
1 0.492188 0.589844 0.101562 0.062500
1 0.672852 0.698242 0.302734 0.189453
