0 0.652344 0.873047 0.695312 0.093750
0 0.698242 0.668945 0.603516 0.060547
0 0.744141 0.517578 0.511719 0.042969
0 0.779297 0.393555 0.441406 0.029297
0 0.808594 0.296875 0.382812 0.023438
0 0.833008 0.215820 0.333984 0.025391
0 0.854492 0.147461 0.291016 0.033203
0 0.872070 0.089844 0.255859 0.031250
0 0.886719 0.039062 0.226562 0.031250
1 0.902344 0.031250 0.195312 0.031250
1 0.888672 0.079102 0.222656 0.029297
1 0.871094 0.132812 0.257812 0.031250
1 0.857422 0.193359 0.285156 0.027344
1 0.835938 0.263672 0.328125 0.023438
1 0.813477 0.346680 0.373047 0.029297
1 0.784180 0.449219 0.431641 0.035156
1 0.750000 0.573242 0.500000 0.044922
1 0.706055 0.731445 0.587891 0.068359
1 0.650391 0.952148 0.699219 0.095703
