0 0.352539 0.265625 0.705078 0.078125
0 0.454102 0.240234 0.408203 0.066406
0 0.552734 0.225586 0.125000 0.037109
0 0.377930 0.312500 0.755859 0.054688
0 0.407227 0.375977 0.814453 0.033203
0 0.441406 0.457031 0.882812 0.093750
0 0.482422 0.568359 0.964844 0.203125
0 0.692383 0.672852 0.615234 0.240234
0 0.958008 0.757812 0.083984 0.070312
1 0.377930 0.365234 0.755859 0.027344
1 0.406250 0.432617 0.812500 0.072266
1 0.439453 0.522461 0.878906 0.142578
1 0.480469 0.639648 0.960938 0.263672
1 0.801758 0.695312 0.396484 0.195312
