0 0.391602 0.232422 0.783203 0.039062
0 0.880859 0.286133 0.238281 0.146484
0 0.362305 0.373047 0.724609 0.054688
0 0.850586 0.460938 0.298828 0.230469
0 0.233398 0.547852 0.466797 0.052734
0 0.543945 0.520508 0.197266 0.037109
0 0.688477 0.568359 0.134766 0.128906
0 0.864258 0.751953 0.271484 0.269531
1 0.381836 0.294922 0.763672 0.046875
1 0.870117 0.358398 0.259766 0.173828
1 0.351562 0.437500 0.703125 0.062500
1 0.839844 0.540039 0.320312 0.267578
1 0.224609 0.618164 0.449219 0.060547
1 0.528320 0.591797 0.193359 0.031250
1 0.664062 0.637695 0.121094 0.123047
1 0.850586 0.840820 0.298828 0.318359
