1 0.192383 0.016602 0.384766 0.033203
1 0.500000 0.063477 1.000000 0.087891
1 0.500000 0.144531 1.000000 0.101562
1 0.500000 0.240234 1.000000 0.125000
1 0.500000 0.356445 1.000000 0.154297
1 0.500000 0.499023 1.000000 0.185547
1 0.500000 0.680664 1.000000 0.228516
1 0.645508 0.898438 0.708984 0.203125
0 0.351562 0.024414 0.703125 0.048828
0 0.500000 0.089844 1.000000 0.093750
0 0.500000 0.182617 1.000000 0.111328
0 0.500000 0.293945 1.000000 0.138672
0 0.500000 0.434570 1.000000 0.177734
0 0.500000 0.610352 1.000000 0.212891
0 0.500000 0.843750 1.000000 0.265625
