0 0.022461 0.190430 0.044922 0.033203
0 0.510742 0.316406 0.978516 0.285156
0 0.022461 0.350586 0.044922 0.037109
0 0.510742 0.534180 0.978516 0.400391
0 0.016602 0.551758 0.033203 0.037109
0 0.095703 0.581055 0.171875 0.099609
0 0.517578 0.808594 0.714844 0.382812
1 0.024414 0.257812 0.048828 0.035156
1 0.512695 0.403320 0.974609 0.330078
1 0.024414 0.418945 0.048828 0.041016
1 0.512695 0.619141 0.974609 0.441406
1 0.019531 0.630859 0.039062 0.039062
1 0.096680 0.659180 0.162109 0.095703
1 0.418945 0.846680 0.521484 0.306641
