0 0.603516 0.732422 0.792969 0.042969
0 0.621094 0.632812 0.757812 0.050781
0 0.633789 0.556641 0.732422 0.054688
0 0.625000 0.494141 0.664062 0.050781
0 0.615234 0.444336 0.605469 0.052734
0 0.606445 0.401367 0.556641 0.052734
0 0.597656 0.368164 0.515625 0.048828
0 0.590820 0.335938 0.482422 0.050781
0 0.584961 0.308594 0.451172 0.050781
0 0.579102 0.287109 0.423828 0.050781
0 0.574219 0.266602 0.398438 0.048828
0 0.568359 0.246094 0.375000 0.046875
1 0.615234 0.685547 0.769531 0.046875
1 0.629883 0.602539 0.736328 0.052734
1 0.621094 0.536133 0.660156 0.052734
1 0.608398 0.482422 0.607422 0.050781
1 0.601562 0.438477 0.562500 0.048828
