0 0.500000 0.636719 1.000000 0.226562
0 0.359375 0.521484 0.718750 0.101562
0 0.317383 0.408203 0.634766 0.050781
0 0.252930 0.311523 0.505859 0.033203
0 0.220703 0.227539 0.441406 0.052734
0 0.193359 0.156250 0.386719 0.066406
0 0.167969 0.090820 0.335938 0.072266
0 0.143555 0.034180 0.287109 0.068359
1 0.500000 0.688477 1.000000 0.259766
1 0.351562 0.582031 0.703125 0.125000
1 0.317383 0.466797 0.634766 0.070312
1 0.250977 0.369141 0.501953 0.035156
1 0.216797 0.281250 0.433594 0.039062
1 0.186523 0.209961 0.373047 0.052734
1 0.162109 0.141602 0.324219 0.060547
