0 0.840820 0.015625 0.318359 0.031250
0 0.500000 0.052734 1.000000 0.078125
0 0.500000 0.126953 1.000000 0.070312
0 0.500000 0.214844 1.000000 0.062500
0 0.500000 0.317383 1.000000 0.052734
0 0.500000 0.443359 1.000000 0.042969
0 0.500000 0.596680 1.000000 0.029297
0 0.500000 0.789062 1.000000 0.035156
1 0.500000 0.865234 1.000000 0.042969
1 0.500000 0.674805 1.000000 0.025391
1 0.500000 0.518555 1.000000 0.041016
1 0.500000 0.390625 1.000000 0.050781
1 0.500000 0.280273 1.000000 0.056641
1 0.500000 0.193359 1.000000 0.062500
1 0.500000 0.112305 1.000000 0.064453
