0 0.500000 0.019531 1.000000 0.039062
0 0.500000 0.067383 1.000000 0.037109
0 0.500000 0.121094 1.000000 0.039062
0 0.500000 0.182617 1.000000 0.037109
0 0.500000 0.255859 1.000000 0.035156
0 0.500000 0.341797 1.000000 0.035156
0 0.500000 0.451172 1.000000 0.039062
0 0.500000 0.586914 1.000000 0.041016
0 0.171875 0.777344 0.343750 0.023438
0 0.667969 0.759766 0.664062 0.031250
0 0.134766 0.986328 0.269531 0.027344
0 0.625000 0.979492 0.750000 0.041016
1 0.174805 0.841797 0.349609 0.027344
1 0.673828 0.828125 0.652344 0.031250
1 0.500000 0.650391 1.000000 0.042969
1 0.500000 0.510742 1.000000 0.041016
1 0.500000 0.398438 1.000000 0.035156
1 0.500000 0.306641 1.000000 0.035156
1 0.500000 0.232422 1.000000 0.035156
1 0.500000 0.166992 1.000000 0.037109
1 0.500000 0.110352 1.000000 0.037109
1 0.500000 0.062500 1.000000 0.039062
