0 0.500000 0.279297 1.000000 0.070312
0 0.576172 0.241211 0.847656 0.068359
0 0.910156 0.224609 0.179688 0.035156
0 0.500000 0.331055 1.000000 0.060547
0 0.500000 0.391602 1.000000 0.052734
0 0.500000 0.462891 1.000000 0.042969
0 0.500000 0.552734 1.000000 0.027344
0 0.500000 0.665039 1.000000 0.033203
1 0.500000 0.708984 1.000000 0.042969
1 0.500000 0.598633 1.000000 0.025391
1 0.500000 0.507812 1.000000 0.039062
1 0.500000 0.432617 1.000000 0.048828
1 0.500000 0.368164 1.000000 0.056641
1 0.500000 0.316406 1.000000 0.066406
1 0.500000 0.269531 1.000000 0.070312
