0 0.500000 0.792969 1.000000 0.226562
0 0.500000 0.590820 1.000000 0.134766
0 0.500000 0.431641 1.000000 0.062500
0 0.500000 0.300781 1.000000 0.042969
0 0.500000 0.192383 1.000000 0.091797
0 0.500000 0.106445 1.000000 0.130859
0 0.654297 0.055664 0.691406 0.111328
0 0.853516 0.029297 0.292969 0.058594
1 0.500000 0.871094 1.000000 0.257812
1 0.500000 0.675781 1.000000 0.175781
1 0.500000 0.510742 1.000000 0.095703
1 0.500000 0.375000 1.000000 0.031250
1 0.500000 0.261719 1.000000 0.066406
1 0.500000 0.171875 1.000000 0.105469
1 0.500000 0.090820 1.000000 0.138672
