0 0.373047 0.603516 0.746094 0.339844
0 0.264648 0.448242 0.529297 0.205078
0 0.183594 0.351562 0.367188 0.132812
0 0.118164 0.289062 0.236328 0.085938
0 0.074219 0.239258 0.148438 0.056641
0 0.035156 0.197266 0.070312 0.035156
0 0.138672 0.033203 0.277344 0.066406
0 0.151367 0.102539 0.302734 0.087891
0 0.198242 0.167969 0.208984 0.070312
0 0.254883 0.228516 0.189453 0.070312
0 0.321289 0.285156 0.111328 0.046875
0 0.830078 0.023438 0.179688 0.046875
0 0.931641 0.296875 0.136719 0.074219
1 0.836914 0.107422 0.326172 0.113281
1 0.885742 0.378906 0.193359 0.089844
