0 0.206055 0.018555 0.205078 0.037109
0 0.192383 0.055664 0.384766 0.068359
0 0.233398 0.114258 0.466797 0.060547
0 0.280273 0.186523 0.560547 0.041016
0 0.332031 0.276367 0.664062 0.033203
0 0.392578 0.394531 0.785156 0.089844
0 0.463867 0.548828 0.927734 0.195312
0 0.500000 0.793945 1.000000 0.380859
0 0.930664 0.953125 0.138672 0.093750
1 0.279297 0.260742 0.558594 0.029297
1 0.328125 0.357422 0.656250 0.066406
1 0.388672 0.485352 0.777344 0.126953
1 0.459961 0.651367 0.919922 0.251953
1 0.652344 0.841797 0.695312 0.316406
