0 0.500000 0.918945 1.000000 0.048828
0 0.500000 0.743164 1.000000 0.060547
0 0.500000 0.606445 1.000000 0.068359
0 0.458008 0.496094 0.916016 0.062500
0 0.421875 0.405273 0.843750 0.068359
0 0.392578 0.329102 0.785156 0.068359
0 0.367188 0.268555 0.734375 0.060547
0 0.345703 0.212891 0.691406 0.066406
0 0.327148 0.163086 0.654297 0.064453
0 0.309570 0.124023 0.619141 0.064453
0 0.293945 0.086914 0.587891 0.064453
0 0.279297 0.051758 0.558594 0.060547
1 0.500000 0.834961 1.000000 0.056641
1 0.494141 0.687500 0.988281 0.062500
1 0.452148 0.570312 0.904297 0.062500
1 0.416992 0.474609 0.833984 0.062500
1 0.390625 0.393555 0.781250 0.060547
