1 0.075195 0.070312 0.150391 0.027344
1 0.123047 0.144531 0.246094 0.027344
1 0.177734 0.233398 0.355469 0.048828
1 0.240234 0.341797 0.480469 0.097656
1 0.313477 0.491211 0.626953 0.189453
1 0.397461 0.712891 0.794922 0.382812
1 0.795898 0.833008 0.408203 0.333984
1 0.395508 0.082031 0.337891 0.031250
1 0.468750 0.137695 0.375000 0.029297
1 0.568359 0.201172 0.359375 0.050781
1 0.688477 0.272461 0.345703 0.072266
1 0.820312 0.352539 0.324219 0.103516
1 0.914062 0.474609 0.171875 0.089844
0 0.076172 0.016602 0.152344 0.033203
0 0.125977 0.085938 0.251953 0.027344
0 0.180664 0.166992 0.361328 0.033203
0 0.244141 0.274414 0.488281 0.076172
0 0.320312 0.416016 0.640625 0.164062
0 0.410156 0.631836 0.820312 0.345703
0 0.748047 0.810547 0.503906 0.378906
0 0.378906 0.036133 0.382812 0.048828
0 0.474609 0.092773 0.375000 0.029297
0 0.578125 0.154297 0.363281 0.035156
0 0.695312 0.225586 0.347656 0.056641
0 0.832031 0.302734 0.320312 0.085938
0 0.921875 0.422852 0.156250 0.080078
