0 0.436523 0.051758 0.873047 0.076172
0 0.461914 0.144531 0.923828 0.097656
0 0.488281 0.253906 0.976562 0.128906
0 0.500000 0.381836 1.000000 0.162109
0 0.500000 0.543945 1.000000 0.201172
0 0.500000 0.749023 1.000000 0.248047
0 0.802734 0.936523 0.394531 0.126953
1 0.974609 0.986328 0.050781 0.027344
1 0.500000 0.856445 1.000000 0.279297
1 0.500000 0.637695 1.000000 0.220703
1 0.500000 0.470703 1.000000 0.183594
1 0.488281 0.333984 0.976562 0.140625
1 0.461914 0.221680 0.923828 0.119141
1 0.439453 0.124023 0.875000 0.087891
