0 0.689453 0.904297 0.621094 0.039062
0 0.719727 0.722656 0.560547 0.042969
0 0.743164 0.583008 0.513672 0.044922
0 0.764648 0.476562 0.470703 0.042969
0 0.783203 0.384766 0.433594 0.042969
0 0.796875 0.309570 0.406250 0.044922
0 0.806641 0.251953 0.386719 0.042969
0 0.815430 0.194336 0.369141 0.044922
0 0.824219 0.147461 0.351562 0.044922
0 0.832031 0.106445 0.335938 0.044922
0 0.837891 0.072266 0.324219 0.042969
0 0.842773 0.038086 0.314453 0.044922
1 0.709961 0.817383 0.580078 0.041016
1 0.738281 0.666016 0.523438 0.042969
1 0.762695 0.549805 0.474609 0.044922
1 0.775391 0.455078 0.449219 0.042969
1 0.789062 0.376953 0.421875 0.042969
