0 0.248047 0.247070 0.496094 0.052734
0 0.262695 0.299805 0.525391 0.064453
0 0.277344 0.361328 0.554688 0.082031
0 0.296875 0.430664 0.593750 0.103516
0 0.319336 0.518555 0.638672 0.134766
0 0.346680 0.626953 0.693359 0.175781
0 0.550781 0.720703 0.429688 0.144531
1 0.667969 0.738281 0.281250 0.109375
1 0.344727 0.684570 0.689453 0.197266
1 0.319336 0.570312 0.638672 0.144531
1 0.296875 0.480469 0.593750 0.113281
1 0.277344 0.406250 0.554688 0.089844
1 0.261719 0.342773 0.523438 0.076172
1 0.249023 0.287109 0.498047 0.058594
