0 0.500000 0.936523 1.000000 0.126953
0 0.500000 0.706055 1.000000 0.091797
0 0.500000 0.536133 1.000000 0.056641
0 0.500000 0.401367 1.000000 0.037109
0 0.500000 0.296875 1.000000 0.023438
0 0.500000 0.208984 1.000000 0.039062
0 0.500000 0.136719 1.000000 0.046875
0 0.500000 0.075195 1.000000 0.056641
0 0.500000 0.027344 1.000000 0.054688
1 0.443359 0.022461 0.828125 0.044922
1 0.500000 0.064453 1.000000 0.058594
1 0.500000 0.122070 1.000000 0.052734
1 0.500000 0.186523 1.000000 0.041016
1 0.500000 0.260742 1.000000 0.029297
1 0.500000 0.350586 1.000000 0.029297
1 0.500000 0.461914 1.000000 0.048828
1 0.500000 0.597656 1.000000 0.070312
1 0.500000 0.776367 1.000000 0.103516
1 0.118164 0.978516 0.236328 0.042969
