0 0.500000 0.014648 1.000000 0.029297
0 0.500000 0.055664 1.000000 0.037109
0 0.500000 0.110352 1.000000 0.037109
0 0.500000 0.169922 1.000000 0.039062
0 0.500000 0.243164 1.000000 0.044922
0 0.500000 0.330078 1.000000 0.039062
0 0.500000 0.437500 1.000000 0.042969
0 0.500000 0.572266 1.000000 0.039062
0 0.172852 0.756836 0.345703 0.025391
0 0.666992 0.742188 0.666016 0.039062
0 0.500000 0.960938 1.000000 0.054688
1 0.171875 0.822266 0.343750 0.027344
1 0.664062 0.806641 0.671875 0.042969
1 0.500000 0.634766 1.000000 0.042969
1 0.500000 0.493164 1.000000 0.048828
1 0.500000 0.385742 1.000000 0.044922
1 0.500000 0.292969 1.000000 0.042969
1 0.500000 0.218750 1.000000 0.042969
1 0.500000 0.154297 1.000000 0.042969
1 0.500000 0.098633 1.000000 0.041016
1 0.500000 0.049805 1.000000 0.037109
