0 0.854492 0.134766 0.291016 0.035156
0 0.752930 0.230469 0.494141 0.082031
0 0.654297 0.344727 0.691406 0.166016
0 0.560547 0.495117 0.878906 0.322266
0 0.488281 0.720703 0.976562 0.558594
0 0.854492 0.099609 0.291016 0.082031
0 0.619141 0.178711 0.226562 0.068359
0 0.419922 0.249023 0.222656 0.072266
0 0.228516 0.315430 0.207031 0.068359
0 0.072266 0.379883 0.144531 0.060547
1 0.856445 0.194336 0.287109 0.048828
1 0.758789 0.292969 0.482422 0.101562
1 0.662109 0.409180 0.675781 0.193359
1 0.569336 0.562500 0.861328 0.355469
1 0.428711 0.736328 0.857422 0.527344
