0 0.713867 0.222656 0.572266 0.031250
0 0.705078 0.244141 0.589844 0.027344
0 0.692383 0.270508 0.615234 0.025391
0 0.678711 0.301758 0.642578 0.029297
0 0.662109 0.339844 0.675781 0.039062
0 0.640625 0.389648 0.718750 0.048828
0 0.612305 0.450195 0.775391 0.060547
0 0.573242 0.535156 0.853516 0.085938
0 0.523438 0.658203 0.953125 0.125000
1 0.679688 0.334961 0.640625 0.037109
1 0.662109 0.375977 0.675781 0.041016
1 0.642578 0.427734 0.714844 0.054688
1 0.613281 0.495117 0.773438 0.068359
1 0.578125 0.587891 0.843750 0.093750
1 0.527344 0.715820 0.945312 0.138672
