1 0.105469 0.224609 0.210938 0.035156
1 0.291992 0.252930 0.583984 0.060547
1 0.306641 0.297852 0.613281 0.072266
1 0.324219 0.349609 0.648438 0.089844
1 0.344727 0.410156 0.689453 0.113281
1 0.368164 0.485352 0.736328 0.142578
1 0.398438 0.577148 0.796875 0.185547
1 0.509766 0.689453 0.703125 0.207031
0 0.200195 0.229492 0.400391 0.044922
0 0.307617 0.267578 0.615234 0.066406
0 0.326172 0.317383 0.652344 0.080078
0 0.347656 0.375977 0.695312 0.103516
0 0.372070 0.450195 0.744141 0.134766
0 0.403320 0.540039 0.806641 0.173828
0 0.439453 0.657227 0.878906 0.232422
