0 0.023438 0.989258 0.046875 0.021484
0 0.500000 0.844727 1.000000 0.197266
0 0.500000 0.682617 1.000000 0.150391
0 0.500000 0.570312 1.000000 0.125000
0 0.500000 0.492188 1.000000 0.105469
0 0.500000 0.430664 1.000000 0.087891
0 0.526367 0.383789 0.947266 0.072266
0 0.549805 0.341797 0.900391 0.058594
0 0.571289 0.309570 0.857422 0.048828
0 0.585938 0.283203 0.828125 0.042969
0 0.601562 0.259766 0.796875 0.039062
0 0.614258 0.241211 0.771484 0.037109
0 0.625977 0.225586 0.748047 0.033203
0 0.635742 0.208984 0.728516 0.035156
