0 0.047852 0.027344 0.095703 0.027344
0 0.073242 0.114258 0.146484 0.033203
0 0.099609 0.212891 0.199219 0.042969
0 0.134766 0.326172 0.269531 0.062500
0 0.174805 0.464844 0.349609 0.082031
0 0.222656 0.638672 0.445312 0.121094
0 0.287109 0.868164 0.574219 0.189453
1 0.410156 0.918945 0.480469 0.162109
1 0.219727 0.729492 0.439453 0.130859
1 0.173828 0.550781 0.347656 0.089844
1 0.134766 0.405273 0.269531 0.064453
1 0.099609 0.288086 0.199219 0.048828
1 0.072266 0.184570 0.144531 0.037109
1 0.048828 0.096680 0.097656 0.029297
