0 0.885742 0.012695 0.228516 0.025391
0 0.869141 0.050781 0.261719 0.023438
0 0.846680 0.092773 0.306641 0.025391
0 0.823242 0.145508 0.353516 0.029297
0 0.791992 0.208008 0.416016 0.033203
0 0.754883 0.291016 0.490234 0.039062
0 0.705078 0.393555 0.589844 0.052734
0 0.635742 0.535156 0.728516 0.074219
0 0.546875 0.739258 0.906250 0.119141
1 0.824219 0.200195 0.351562 0.033203
1 0.793945 0.268555 0.412109 0.037109
1 0.757812 0.355469 0.484375 0.046875
1 0.707031 0.467773 0.585938 0.056641
1 0.642578 0.622070 0.714844 0.080078
1 0.553711 0.834961 0.892578 0.130859
